-152.620000 -352.700000
-152.620000 -352.700000
153.100000 380.850000
-152.830000 -358.300000
153.100000 380.850000
-152.830000 -358.300000
153.030000 386.510000
-152.980000 -363.920000
153.030000 386.510000
-152.980000 -363.920000
152.900000 392.170000
-153.070000 -369.550000
152.900000 392.170000
-153.070000 -369.550000
152.710000 397.830000
-151.790000 414.790000
152.710000 397.830000
-151.790000 414.790000
-152.160000 409.140000
-152.160000 409.140000
-152.470000 403.490000
-152.470000 403.490000
-152.710000 397.830000
-152.710000 397.830000