-392.170000 -152.900000
-386.510000 -153.030000
-380.850000 -153.100000
-375.200000 -153.110000
-369.550000 -153.070000
-363.920000 -152.980000
-358.300000 -152.830000
-352.700000 -152.620000
183.750000 123.470000
180.100000 122.400000
176.540000 121.330000
195.170000 126.750000
191.290000 125.650000
187.480000 124.560000
211.500000 131.130000
207.300000 130.040000
203.180000 128.940000
199.140000 127.850000
215.760000 132.220000
-347.110000 -152.370000
-341.550000 -152.070000
-336.000000 -151.710000
-330.490000 -151.310000
-325.000000 -150.860000
-319.540000 -150.370000
-314.120000 -149.830000
-308.730000 -149.250000
238.160000 137.500000
233.540000 136.470000
228.990000 135.430000
224.510000 134.370000
220.100000 133.300000
262.170000 142.340000
257.240000 141.420000
252.380000 140.470000
247.580000 139.500000
242.840000 138.510000
106.070000 106.070000
108.900000 104.430000
108.070000 104.730000
107.330000 105.100000
106.660000 105.550000
105.550000 106.660000
-112.990000 103.900000
105.100000 107.330000
104.730000 108.070000
104.430000 108.900000
-115.530000 104.030000
-116.930000 104.180000
-118.410000 104.390000
-119.970000 104.660000
-109.800000 104.200000
-110.780000 104.030000
-111.850000 103.930000
-114.220000 103.930000
112.990000 103.900000
114.220000 103.930000
111.850000 103.930000
110.780000 104.030000
109.800000 104.200000
119.970000 104.660000
118.410000 104.390000
116.930000 104.180000
115.530000 104.030000
-106.660000 105.550000
-107.330000 105.100000
-108.070000 104.730000
-108.900000 104.430000
-106.070000 106.070000
125.190000 105.790000
-104.430000 108.900000
123.370000 105.360000
-104.730000 108.070000
121.630000 104.990000
-105.100000 107.330000
-105.550000 106.660000
131.190000 107.380000
129.100000 106.800000
127.100000 106.280000
103.900000 112.990000
104.200000 109.800000
-103.930000 114.220000
104.030000 110.780000
-103.930000 111.850000
103.930000 111.850000
-104.030000 110.780000
103.930000 114.220000
-104.200000 109.800000
-103.900000 112.990000
104.030000 115.530000
-104.660000 119.970000
104.180000 116.930000
-104.390000 118.410000
104.390000 118.410000
-104.180000 116.930000
104.660000 119.970000
-104.030000 115.530000
104.990000 121.630000
105.360000 123.370000
105.790000 125.190000
106.280000 127.100000
106.800000 129.100000
107.380000 131.190000
137.990000 109.370000
135.630000 108.660000
133.370000 108.000000
151.070000 113.430000
148.280000 112.550000
145.580000 111.700000
142.960000 110.890000
140.430000 110.110000
108.000000 133.370000
108.660000 135.630000
109.370000 137.990000
110.110000 140.430000
110.890000 142.960000
111.700000 145.580000
112.550000 148.280000
113.430000 151.070000
215.760000 132.220000
149.250000 308.730000
149.830000 314.120000
150.370000 319.540000
150.860000 325.000000
151.310000 330.490000
151.710000 336.000000
152.070000 341.550000
152.370000 347.110000
132.220000 215.760000
152.620000 352.700000
152.830000 358.300000
152.980000 363.920000
153.070000 369.550000
153.110000 375.200000
153.100000 380.850000
153.030000 386.510000
152.900000 392.170000