-153.110000 -375.200000
-153.100000 -380.850000
-153.030000 -386.510000
-152.900000 -392.170000
-152.620000 -352.700000
-152.830000 -358.300000
-152.980000 -363.920000
-153.070000 -369.550000
-153.070000 369.550000
-152.980000 363.920000
-152.830000 358.300000
-152.620000 352.700000
-152.900000 392.170000
-151.310000 -330.490000
-153.030000 386.510000
-151.710000 -336.000000
-153.100000 380.850000
-152.070000 -341.550000
-153.110000 375.200000
-152.370000 -347.110000
-149.250000 -308.730000
-149.830000 -314.120000
-150.370000 -319.540000
-150.860000 -325.000000
-151.790000 414.790000
-152.160000 409.140000
-152.470000 403.490000
-152.710000 397.830000
-149.710000 437.250000
-150.320000 431.660000
-150.870000 426.050000
-151.360000 420.430000
152.620000 352.700000
152.830000 358.300000
152.980000 363.920000
153.070000 369.550000
153.110000 375.200000
153.100000 380.850000
153.030000 386.510000
152.900000 392.170000
152.710000 397.830000
152.470000 403.490000
152.160000 409.140000
151.790000 414.790000
151.360000 420.430000
150.870000 426.050000
150.320000 431.660000
149.710000 437.250000
131.130000 -211.500000
130.040000 -207.300000
128.940000 -203.180000
127.850000 -199.140000
132.220000 -215.760000