-700.000000 700.000000 700.000000 700.000000 700.000000 -700.000000 -700.000000 -700.000000
0.000000 700.000000 700.000000 700.000000 700.000000 0.000000 0.000000 0.000000
350.000000 700.000000 700.000000 700.000000 700.000000 350.000000 350.000000 350.000000
0.000000 700.000000 350.000000 700.000000 350.000000 350.000000 0.000000 350.000000
175.000000 700.000000 350.000000 700.000000 350.000000 525.000000 175.000000 525.000000
0.000000 700.000000 175.000000 700.000000 175.000000 525.000000 0.000000 525.000000
87.500000 700.000000 175.000000 700.000000 175.000000 612.500000 87.500000 612.500000
0.000000 700.000000 87.500000 700.000000 87.500000 612.500000 0.000000 612.500000
43.750000 700.000000 87.500000 700.000000 87.500000 656.250000 43.750000 656.250000
0.000000 700.000000 43.750000 700.000000 43.750000 656.250000 0.000000 656.250000
43.750000 656.250000 87.500000 656.250000 87.500000 612.500000 43.750000 612.500000
65.625000 656.250000 87.500000 656.250000 87.500000 634.375000 65.625000 634.375000
43.750000 656.250000 65.625000 656.250000 65.625000 634.375000 43.750000 634.375000
65.625000 634.375000 87.500000 634.375000 87.500000 612.500000 65.625000 612.500000
43.750000 634.375000 65.625000 634.375000 65.625000 612.500000 43.750000 612.500000
0.000000 656.250000 43.750000 656.250000 43.750000 612.500000 0.000000 612.500000
21.875000 656.250000 43.750000 656.250000 43.750000 634.375000 21.875000 634.375000
32.812500 656.250000 43.750000 656.250000 43.750000 645.312500 32.812500 645.312500
21.875000 656.250000 32.812500 656.250000 32.812500 645.312500 21.875000 645.312500
32.812500 645.312500 43.750000 645.312500 43.750000 634.375000 32.812500 634.375000
21.875000 645.312500 32.812500 645.312500 32.812500 634.375000 21.875000 634.375000
0.000000 656.250000 21.875000 656.250000 21.875000 634.375000 0.000000 634.375000
10.937500 656.250000 21.875000 656.250000 21.875000 645.312500 10.937500 645.312500
0.000000 656.250000 10.937500 656.250000 10.937500 645.312500 0.000000 645.312500
10.937500 645.312500 21.875000 645.312500 21.875000 634.375000 10.937500 634.375000
0.000000 645.312500 10.937500 645.312500 10.937500 634.375000 0.000000 634.375000
21.875000 634.375000 43.750000 634.375000 43.750000 612.500000 21.875000 612.500000
0.000000 634.375000 21.875000 634.375000 21.875000 612.500000 0.000000 612.500000
87.500000 612.500000 175.000000 612.500000 175.000000 525.000000 87.500000 525.000000
131.250000 612.500000 175.000000 612.500000 175.000000 568.750000 131.250000 568.750000
87.500000 612.500000 131.250000 612.500000 131.250000 568.750000 87.500000 568.750000
109.375000 612.500000 131.250000 612.500000 131.250000 590.625000 109.375000 590.625000
87.500000 612.500000 109.375000 612.500000 109.375000 590.625000 87.500000 590.625000
109.375000 590.625000 131.250000 590.625000 131.250000 568.750000 109.375000 568.750000
87.500000 590.625000 109.375000 590.625000 109.375000 568.750000 87.500000 568.750000
131.250000 568.750000 175.000000 568.750000 175.000000 525.000000 131.250000 525.000000
87.500000 568.750000 131.250000 568.750000 131.250000 525.000000 87.500000 525.000000
109.375000 568.750000 131.250000 568.750000 131.250000 546.875000 109.375000 546.875000
87.500000 568.750000 109.375000 568.750000 109.375000 546.875000 87.500000 546.875000
109.375000 546.875000 131.250000 546.875000 131.250000 525.000000 109.375000 525.000000
87.500000 546.875000 109.375000 546.875000 109.375000 525.000000 87.500000 525.000000
0.000000 612.500000 87.500000 612.500000 87.500000 525.000000 0.000000 525.000000
175.000000 525.000000 350.000000 525.000000 350.000000 350.000000 175.000000 350.000000
0.000000 525.000000 175.000000 525.000000 175.000000 350.000000 0.000000 350.000000
87.500000 525.000000 175.000000 525.000000 175.000000 437.500000 87.500000 437.500000
131.250000 525.000000 175.000000 525.000000 175.000000 481.250000 131.250000 481.250000
153.125000 525.000000 175.000000 525.000000 175.000000 503.125000 153.125000 503.125000
131.250000 525.000000 153.125000 525.000000 153.125000 503.125000 131.250000 503.125000
153.125000 503.125000 175.000000 503.125000 175.000000 481.250000 153.125000 481.250000
131.250000 503.125000 153.125000 503.125000 153.125000 481.250000 131.250000 481.250000
87.500000 525.000000 131.250000 525.000000 131.250000 481.250000 87.500000 481.250000
131.250000 481.250000 175.000000 481.250000 175.000000 437.500000 131.250000 437.500000
153.125000 481.250000 175.000000 481.250000 175.000000 459.375000 153.125000 459.375000
131.250000 481.250000 153.125000 481.250000 153.125000 459.375000 131.250000 459.375000
153.125000 459.375000 175.000000 459.375000 175.000000 437.500000 153.125000 437.500000
131.250000 459.375000 153.125000 459.375000 153.125000 437.500000 131.250000 437.500000
87.500000 481.250000 131.250000 481.250000 131.250000 437.500000 87.500000 437.500000
0.000000 525.000000 87.500000 525.000000 87.500000 437.500000 0.000000 437.500000
87.500000 437.500000 175.000000 437.500000 175.000000 350.000000 87.500000 350.000000
131.250000 437.500000 175.000000 437.500000 175.000000 393.750000 131.250000 393.750000
153.125000 437.500000 175.000000 437.500000 175.000000 415.625000 153.125000 415.625000
131.250000 437.500000 153.125000 437.500000 153.125000 415.625000 131.250000 415.625000
153.125000 415.625000 175.000000 415.625000 175.000000 393.750000 153.125000 393.750000
131.250000 415.625000 153.125000 415.625000 153.125000 393.750000 131.250000 393.750000
87.500000 437.500000 131.250000 437.500000 131.250000 393.750000 87.500000 393.750000
131.250000 393.750000 175.000000 393.750000 175.000000 350.000000 131.250000 350.000000
153.125000 393.750000 175.000000 393.750000 175.000000 371.875000 153.125000 371.875000
131.250000 393.750000 153.125000 393.750000 153.125000 371.875000 131.250000 371.875000
153.125000 371.875000 175.000000 371.875000 175.000000 350.000000 153.125000 350.000000
131.250000 371.875000 153.125000 371.875000 153.125000 350.000000 131.250000 350.000000
87.500000 393.750000 131.250000 393.750000 131.250000 350.000000 87.500000 350.000000
0.000000 437.500000 87.500000 437.500000 87.500000 350.000000 0.000000 350.000000
350.000000 350.000000 700.000000 350.000000 700.000000 0.000000 350.000000 0.000000
525.000000 350.000000 700.000000 350.000000 700.000000 175.000000 525.000000 175.000000
350.000000 350.000000 525.000000 350.000000 525.000000 175.000000 350.000000 175.000000
525.000000 175.000000 700.000000 175.000000 700.000000 0.000000 525.000000 0.000000
612.500000 175.000000 700.000000 175.000000 700.000000 87.500000 612.500000 87.500000
525.000000 175.000000 612.500000 175.000000 612.500000 87.500000 525.000000 87.500000
568.750000 175.000000 612.500000 175.000000 612.500000 131.250000 568.750000 131.250000
525.000000 175.000000 568.750000 175.000000 568.750000 131.250000 525.000000 131.250000
568.750000 131.250000 612.500000 131.250000 612.500000 87.500000 568.750000 87.500000
590.625000 131.250000 612.500000 131.250000 612.500000 109.375000 590.625000 109.375000
568.750000 131.250000 590.625000 131.250000 590.625000 109.375000 568.750000 109.375000
590.625000 109.375000 612.500000 109.375000 612.500000 87.500000 590.625000 87.500000
568.750000 109.375000 590.625000 109.375000 590.625000 87.500000 568.750000 87.500000
525.000000 131.250000 568.750000 131.250000 568.750000 87.500000 525.000000 87.500000
546.875000 131.250000 568.750000 131.250000 568.750000 109.375000 546.875000 109.375000
525.000000 131.250000 546.875000 131.250000 546.875000 109.375000 525.000000 109.375000
546.875000 109.375000 568.750000 109.375000 568.750000 87.500000 546.875000 87.500000
525.000000 109.375000 546.875000 109.375000 546.875000 87.500000 525.000000 87.500000
612.500000 87.500000 700.000000 87.500000 700.000000 0.000000 612.500000 0.000000
656.250000 87.500000 700.000000 87.500000 700.000000 43.750000 656.250000 43.750000
612.500000 87.500000 656.250000 87.500000 656.250000 43.750000 612.500000 43.750000
634.375000 87.500000 656.250000 87.500000 656.250000 65.625000 634.375000 65.625000
612.500000 87.500000 634.375000 87.500000 634.375000 65.625000 612.500000 65.625000
634.375000 65.625000 656.250000 65.625000 656.250000 43.750000 634.375000 43.750000
612.500000 65.625000 634.375000 65.625000 634.375000 43.750000 612.500000 43.750000
656.250000 43.750000 700.000000 43.750000 700.000000 0.000000 656.250000 0.000000
612.500000 43.750000 656.250000 43.750000 656.250000 0.000000 612.500000 0.000000
634.375000 43.750000 656.250000 43.750000 656.250000 21.875000 634.375000 21.875000
645.312500 43.750000 656.250000 43.750000 656.250000 32.812500 645.312500 32.812500
634.375000 43.750000 645.312500 43.750000 645.312500 32.812500 634.375000 32.812500
645.312500 32.812500 656.250000 32.812500 656.250000 21.875000 645.312500 21.875000
634.375000 32.812500 645.312500 32.812500 645.312500 21.875000 634.375000 21.875000
612.500000 43.750000 634.375000 43.750000 634.375000 21.875000 612.500000 21.875000
634.375000 21.875000 656.250000 21.875000 656.250000 0.000000 634.375000 0.000000
645.312500 21.875000 656.250000 21.875000 656.250000 10.937500 645.312500 10.937500
634.375000 21.875000 645.312500 21.875000 645.312500 10.937500 634.375000 10.937500
645.312500 10.937500 656.250000 10.937500 656.250000 0.000000 645.312500 0.000000
634.375000 10.937500 645.312500 10.937500 645.312500 0.000000 634.375000 0.000000
612.500000 21.875000 634.375000 21.875000 634.375000 0.000000 612.500000 0.000000
525.000000 87.500000 612.500000 87.500000 612.500000 0.000000 525.000000 0.000000
350.000000 175.000000 525.000000 175.000000 525.000000 0.000000 350.000000 0.000000
437.500000 175.000000 525.000000 175.000000 525.000000 87.500000 437.500000 87.500000
481.250000 175.000000 525.000000 175.000000 525.000000 131.250000 481.250000 131.250000
503.125000 175.000000 525.000000 175.000000 525.000000 153.125000 503.125000 153.125000
481.250000 175.000000 503.125000 175.000000 503.125000 153.125000 481.250000 153.125000
503.125000 153.125000 525.000000 153.125000 525.000000 131.250000 503.125000 131.250000
481.250000 153.125000 503.125000 153.125000 503.125000 131.250000 481.250000 131.250000
437.500000 175.000000 481.250000 175.000000 481.250000 131.250000 437.500000 131.250000
459.375000 175.000000 481.250000 175.000000 481.250000 153.125000 459.375000 153.125000
437.500000 175.000000 459.375000 175.000000 459.375000 153.125000 437.500000 153.125000
459.375000 153.125000 481.250000 153.125000 481.250000 131.250000 459.375000 131.250000
437.500000 153.125000 459.375000 153.125000 459.375000 131.250000 437.500000 131.250000
481.250000 131.250000 525.000000 131.250000 525.000000 87.500000 481.250000 87.500000
437.500000 131.250000 481.250000 131.250000 481.250000 87.500000 437.500000 87.500000
350.000000 175.000000 437.500000 175.000000 437.500000 87.500000 350.000000 87.500000
393.750000 175.000000 437.500000 175.000000 437.500000 131.250000 393.750000 131.250000
415.625000 175.000000 437.500000 175.000000 437.500000 153.125000 415.625000 153.125000
393.750000 175.000000 415.625000 175.000000 415.625000 153.125000 393.750000 153.125000
415.625000 153.125000 437.500000 153.125000 437.500000 131.250000 415.625000 131.250000
393.750000 153.125000 415.625000 153.125000 415.625000 131.250000 393.750000 131.250000
350.000000 175.000000 393.750000 175.000000 393.750000 131.250000 350.000000 131.250000
371.875000 175.000000 393.750000 175.000000 393.750000 153.125000 371.875000 153.125000
350.000000 175.000000 371.875000 175.000000 371.875000 153.125000 350.000000 153.125000
371.875000 153.125000 393.750000 153.125000 393.750000 131.250000 371.875000 131.250000
350.000000 153.125000 371.875000 153.125000 371.875000 131.250000 350.000000 131.250000
393.750000 131.250000 437.500000 131.250000 437.500000 87.500000 393.750000 87.500000
350.000000 131.250000 393.750000 131.250000 393.750000 87.500000 350.000000 87.500000
437.500000 87.500000 525.000000 87.500000 525.000000 0.000000 437.500000 0.000000
350.000000 87.500000 437.500000 87.500000 437.500000 0.000000 350.000000 0.000000
0.000000 350.000000 350.000000 350.000000 350.000000 0.000000 0.000000 0.000000
175.000000 350.000000 350.000000 350.000000 350.000000 175.000000 175.000000 175.000000
0.000000 350.000000 175.000000 350.000000 175.000000 175.000000 0.000000 175.000000
87.500000 350.000000 175.000000 350.000000 175.000000 262.500000 87.500000 262.500000
131.250000 350.000000 175.000000 350.000000 175.000000 306.250000 131.250000 306.250000
153.125000 350.000000 175.000000 350.000000 175.000000 328.125000 153.125000 328.125000
131.250000 350.000000 153.125000 350.000000 153.125000 328.125000 131.250000 328.125000
153.125000 328.125000 175.000000 328.125000 175.000000 306.250000 153.125000 306.250000
131.250000 328.125000 153.125000 328.125000 153.125000 306.250000 131.250000 306.250000
87.500000 350.000000 131.250000 350.000000 131.250000 306.250000 87.500000 306.250000
131.250000 306.250000 175.000000 306.250000 175.000000 262.500000 131.250000 262.500000
153.125000 306.250000 175.000000 306.250000 175.000000 284.375000 153.125000 284.375000
131.250000 306.250000 153.125000 306.250000 153.125000 284.375000 131.250000 284.375000
153.125000 284.375000 175.000000 284.375000 175.000000 262.500000 153.125000 262.500000
131.250000 284.375000 153.125000 284.375000 153.125000 262.500000 131.250000 262.500000
87.500000 306.250000 131.250000 306.250000 131.250000 262.500000 87.500000 262.500000
0.000000 350.000000 87.500000 350.000000 87.500000 262.500000 0.000000 262.500000
87.500000 262.500000 175.000000 262.500000 175.000000 175.000000 87.500000 175.000000
131.250000 262.500000 175.000000 262.500000 175.000000 218.750000 131.250000 218.750000
153.125000 262.500000 175.000000 262.500000 175.000000 240.625000 153.125000 240.625000
131.250000 262.500000 153.125000 262.500000 153.125000 240.625000 131.250000 240.625000
153.125000 240.625000 175.000000 240.625000 175.000000 218.750000 153.125000 218.750000
131.250000 240.625000 153.125000 240.625000 153.125000 218.750000 131.250000 218.750000
87.500000 262.500000 131.250000 262.500000 131.250000 218.750000 87.500000 218.750000
131.250000 218.750000 175.000000 218.750000 175.000000 175.000000 131.250000 175.000000
87.500000 218.750000 131.250000 218.750000 131.250000 175.000000 87.500000 175.000000
109.375000 218.750000 131.250000 218.750000 131.250000 196.875000 109.375000 196.875000
87.500000 218.750000 109.375000 218.750000 109.375000 196.875000 87.500000 196.875000
109.375000 196.875000 131.250000 196.875000 131.250000 175.000000 109.375000 175.000000
120.312500 196.875000 131.250000 196.875000 131.250000 185.937500 120.312500 185.937500
109.375000 196.875000 120.312500 196.875000 120.312500 185.937500 109.375000 185.937500
120.312500 185.937500 131.250000 185.937500 131.250000 175.000000 120.312500 175.000000
109.375000 185.937500 120.312500 185.937500 120.312500 175.000000 109.375000 175.000000
87.500000 196.875000 109.375000 196.875000 109.375000 175.000000 87.500000 175.000000
0.000000 262.500000 87.500000 262.500000 87.500000 175.000000 0.000000 175.000000
175.000000 175.000000 350.000000 175.000000 350.000000 0.000000 175.000000 0.000000
262.500000 175.000000 350.000000 175.000000 350.000000 87.500000 262.500000 87.500000
306.250000 175.000000 350.000000 175.000000 350.000000 131.250000 306.250000 131.250000
328.125000 175.000000 350.000000 175.000000 350.000000 153.125000 328.125000 153.125000
306.250000 175.000000 328.125000 175.000000 328.125000 153.125000 306.250000 153.125000
328.125000 153.125000 350.000000 153.125000 350.000000 131.250000 328.125000 131.250000
306.250000 153.125000 328.125000 153.125000 328.125000 131.250000 306.250000 131.250000
262.500000 175.000000 306.250000 175.000000 306.250000 131.250000 262.500000 131.250000
284.375000 175.000000 306.250000 175.000000 306.250000 153.125000 284.375000 153.125000
262.500000 175.000000 284.375000 175.000000 284.375000 153.125000 262.500000 153.125000
284.375000 153.125000 306.250000 153.125000 306.250000 131.250000 284.375000 131.250000
262.500000 153.125000 284.375000 153.125000 284.375000 131.250000 262.500000 131.250000
306.250000 131.250000 350.000000 131.250000 350.000000 87.500000 306.250000 87.500000
262.500000 131.250000 306.250000 131.250000 306.250000 87.500000 262.500000 87.500000
175.000000 175.000000 262.500000 175.000000 262.500000 87.500000 175.000000 87.500000
218.750000 175.000000 262.500000 175.000000 262.500000 131.250000 218.750000 131.250000
240.625000 175.000000 262.500000 175.000000 262.500000 153.125000 240.625000 153.125000
218.750000 175.000000 240.625000 175.000000 240.625000 153.125000 218.750000 153.125000
240.625000 153.125000 262.500000 153.125000 262.500000 131.250000 240.625000 131.250000
218.750000 153.125000 240.625000 153.125000 240.625000 131.250000 218.750000 131.250000
175.000000 175.000000 218.750000 175.000000 218.750000 131.250000 175.000000 131.250000
218.750000 131.250000 262.500000 131.250000 262.500000 87.500000 218.750000 87.500000
175.000000 131.250000 218.750000 131.250000 218.750000 87.500000 175.000000 87.500000
196.875000 131.250000 218.750000 131.250000 218.750000 109.375000 196.875000 109.375000
175.000000 131.250000 196.875000 131.250000 196.875000 109.375000 175.000000 109.375000
185.937500 131.250000 196.875000 131.250000 196.875000 120.312500 185.937500 120.312500
175.000000 131.250000 185.937500 131.250000 185.937500 120.312500 175.000000 120.312500
185.937500 120.312500 196.875000 120.312500 196.875000 109.375000 185.937500 109.375000
175.000000 120.312500 185.937500 120.312500 185.937500 109.375000 175.000000 109.375000
196.875000 109.375000 218.750000 109.375000 218.750000 87.500000 196.875000 87.500000
175.000000 109.375000 196.875000 109.375000 196.875000 87.500000 175.000000 87.500000
262.500000 87.500000 350.000000 87.500000 350.000000 0.000000 262.500000 0.000000
175.000000 87.500000 262.500000 87.500000 262.500000 0.000000 175.000000 0.000000
0.000000 175.000000 175.000000 175.000000 175.000000 0.000000 0.000000 0.000000
87.500000 175.000000 175.000000 175.000000 175.000000 87.500000 87.500000 87.500000
131.250000 175.000000 175.000000 175.000000 175.000000 131.250000 131.250000 131.250000
87.500000 175.000000 131.250000 175.000000 131.250000 131.250000 87.500000 131.250000
109.375000 175.000000 131.250000 175.000000 131.250000 153.125000 109.375000 153.125000
120.312500 175.000000 131.250000 175.000000 131.250000 164.062500 120.312500 164.062500
109.375000 175.000000 120.312500 175.000000 120.312500 164.062500 109.375000 164.062500
120.312500 164.062500 131.250000 164.062500 131.250000 153.125000 120.312500 153.125000
109.375000 164.062500 120.312500 164.062500 120.312500 153.125000 109.375000 153.125000
87.500000 175.000000 109.375000 175.000000 109.375000 153.125000 87.500000 153.125000
109.375000 153.125000 131.250000 153.125000 131.250000 131.250000 109.375000 131.250000
87.500000 153.125000 109.375000 153.125000 109.375000 131.250000 87.500000 131.250000
131.250000 131.250000 175.000000 131.250000 175.000000 87.500000 131.250000 87.500000
153.125000 131.250000 175.000000 131.250000 175.000000 109.375000 153.125000 109.375000
164.062500 131.250000 175.000000 131.250000 175.000000 120.312500 164.062500 120.312500
153.125000 131.250000 164.062500 131.250000 164.062500 120.312500 153.125000 120.312500
164.062500 120.312500 175.000000 120.312500 175.000000 109.375000 164.062500 109.375000
153.125000 120.312500 164.062500 120.312500 164.062500 109.375000 153.125000 109.375000
131.250000 131.250000 153.125000 131.250000 153.125000 109.375000 131.250000 109.375000
153.125000 109.375000 175.000000 109.375000 175.000000 87.500000 153.125000 87.500000
131.250000 109.375000 153.125000 109.375000 153.125000 87.500000 131.250000 87.500000
87.500000 131.250000 131.250000 131.250000 131.250000 87.500000 87.500000 87.500000
109.375000 131.250000 131.250000 131.250000 131.250000 109.375000 109.375000 109.375000
87.500000 131.250000 109.375000 131.250000 109.375000 109.375000 87.500000 109.375000
98.437500 131.250000 109.375000 131.250000 109.375000 120.312500 98.437500 120.312500
103.906250 131.250000 109.375000 131.250000 109.375000 125.781250 103.906250 125.781250
98.437500 131.250000 103.906250 131.250000 103.906250 125.781250 98.437500 125.781250
103.906250 125.781250 109.375000 125.781250 109.375000 120.312500 103.906250 120.312500
98.437500 125.781250 103.906250 125.781250 103.906250 120.312500 98.437500 120.312500
87.500000 131.250000 98.437500 131.250000 98.437500 120.312500 87.500000 120.312500
98.437500 120.312500 109.375000 120.312500 109.375000 109.375000 98.437500 109.375000
103.906250 120.312500 109.375000 120.312500 109.375000 114.843750 103.906250 114.843750
98.437500 120.312500 103.906250 120.312500 103.906250 114.843750 98.437500 114.843750
103.906250 114.843750 109.375000 114.843750 109.375000 109.375000 103.906250 109.375000
98.437500 114.843750 103.906250 114.843750 103.906250 109.375000 98.437500 109.375000
87.500000 120.312500 98.437500 120.312500 98.437500 109.375000 87.500000 109.375000
109.375000 109.375000 131.250000 109.375000 131.250000 87.500000 109.375000 87.500000
120.312500 109.375000 131.250000 109.375000 131.250000 98.437500 120.312500 98.437500
125.781250 109.375000 131.250000 109.375000 131.250000 103.906250 125.781250 103.906250
120.312500 109.375000 125.781250 109.375000 125.781250 103.906250 120.312500 103.906250
125.781250 103.906250 131.250000 103.906250 131.250000 98.437500 125.781250 98.437500
120.312500 103.906250 125.781250 103.906250 125.781250 98.437500 120.312500 98.437500
109.375000 109.375000 120.312500 109.375000 120.312500 98.437500 109.375000 98.437500
114.843750 109.375000 120.312500 109.375000 120.312500 103.906250 114.843750 103.906250
109.375000 109.375000 114.843750 109.375000 114.843750 103.906250 109.375000 103.906250
114.843750 103.906250 120.312500 103.906250 120.312500 98.437500 114.843750 98.437500
109.375000 103.906250 114.843750 103.906250 114.843750 98.437500 109.375000 98.437500
120.312500 98.437500 131.250000 98.437500 131.250000 87.500000 120.312500 87.500000
109.375000 98.437500 120.312500 98.437500 120.312500 87.500000 109.375000 87.500000
87.500000 109.375000 109.375000 109.375000 109.375000 87.500000 87.500000 87.500000
98.437500 109.375000 109.375000 109.375000 109.375000 98.437500 98.437500 98.437500
103.906250 109.375000 109.375000 109.375000 109.375000 103.906250 103.906250 103.906250
106.640625 109.375000 109.375000 109.375000 109.375000 106.640625 106.640625 106.640625
103.906250 109.375000 106.640625 109.375000 106.640625 106.640625 103.906250 106.640625
106.640625 106.640625 109.375000 106.640625 109.375000 103.906250 106.640625 103.906250
103.906250 106.640625 106.640625 106.640625 106.640625 103.906250 103.906250 103.906250
98.437500 109.375000 103.906250 109.375000 103.906250 103.906250 98.437500 103.906250
103.906250 103.906250 109.375000 103.906250 109.375000 98.437500 103.906250 98.437500
98.437500 103.906250 103.906250 103.906250 103.906250 98.437500 98.437500 98.437500
87.500000 109.375000 98.437500 109.375000 98.437500 98.437500 87.500000 98.437500
98.437500 98.437500 109.375000 98.437500 109.375000 87.500000 98.437500 87.500000
87.500000 98.437500 98.437500 98.437500 98.437500 87.500000 87.500000 87.500000
0.000000 175.000000 87.500000 175.000000 87.500000 87.500000 0.000000 87.500000
87.500000 87.500000 175.000000 87.500000 175.000000 0.000000 87.500000 0.000000
0.000000 87.500000 87.500000 87.500000 87.500000 0.000000 0.000000 0.000000
-700.000000 700.000000 0.000000 700.000000 0.000000 0.000000 -700.000000 0.000000
-350.000000 700.000000 0.000000 700.000000 0.000000 350.000000 -350.000000 350.000000
-175.000000 700.000000 0.000000 700.000000 0.000000 525.000000 -175.000000 525.000000
-87.500000 700.000000 0.000000 700.000000 0.000000 612.500000 -87.500000 612.500000
-43.750000 700.000000 0.000000 700.000000 0.000000 656.250000 -43.750000 656.250000
-87.500000 700.000000 -43.750000 700.000000 -43.750000 656.250000 -87.500000 656.250000
-43.750000 656.250000 0.000000 656.250000 0.000000 612.500000 -43.750000 612.500000
-21.875000 656.250000 0.000000 656.250000 0.000000 634.375000 -21.875000 634.375000
-10.937500 656.250000 0.000000 656.250000 0.000000 645.312500 -10.937500 645.312500
-21.875000 656.250000 -10.937500 656.250000 -10.937500 645.312500 -21.875000 645.312500
-10.937500 645.312500 0.000000 645.312500 0.000000 634.375000 -10.937500 634.375000
-21.875000 645.312500 -10.937500 645.312500 -10.937500 634.375000 -21.875000 634.375000
-43.750000 656.250000 -21.875000 656.250000 -21.875000 634.375000 -43.750000 634.375000
-32.812500 656.250000 -21.875000 656.250000 -21.875000 645.312500 -32.812500 645.312500
-43.750000 656.250000 -32.812500 656.250000 -32.812500 645.312500 -43.750000 645.312500
-32.812500 645.312500 -21.875000 645.312500 -21.875000 634.375000 -32.812500 634.375000
-43.750000 645.312500 -32.812500 645.312500 -32.812500 634.375000 -43.750000 634.375000
-21.875000 634.375000 0.000000 634.375000 0.000000 612.500000 -21.875000 612.500000
-43.750000 634.375000 -21.875000 634.375000 -21.875000 612.500000 -43.750000 612.500000
-87.500000 656.250000 -43.750000 656.250000 -43.750000 612.500000 -87.500000 612.500000
-65.625000 656.250000 -43.750000 656.250000 -43.750000 634.375000 -65.625000 634.375000
-87.500000 656.250000 -65.625000 656.250000 -65.625000 634.375000 -87.500000 634.375000
-65.625000 634.375000 -43.750000 634.375000 -43.750000 612.500000 -65.625000 612.500000
-87.500000 634.375000 -65.625000 634.375000 -65.625000 612.500000 -87.500000 612.500000
-175.000000 700.000000 -87.500000 700.000000 -87.500000 612.500000 -175.000000 612.500000
-87.500000 612.500000 0.000000 612.500000 0.000000 525.000000 -87.500000 525.000000
-175.000000 612.500000 -87.500000 612.500000 -87.500000 525.000000 -175.000000 525.000000
-131.250000 612.500000 -87.500000 612.500000 -87.500000 568.750000 -131.250000 568.750000
-109.375000 612.500000 -87.500000 612.500000 -87.500000 590.625000 -109.375000 590.625000
-131.250000 612.500000 -109.375000 612.500000 -109.375000 590.625000 -131.250000 590.625000
-109.375000 590.625000 -87.500000 590.625000 -87.500000 568.750000 -109.375000 568.750000
-131.250000 590.625000 -109.375000 590.625000 -109.375000 568.750000 -131.250000 568.750000
-175.000000 612.500000 -131.250000 612.500000 -131.250000 568.750000 -175.000000 568.750000
-131.250000 568.750000 -87.500000 568.750000 -87.500000 525.000000 -131.250000 525.000000
-109.375000 568.750000 -87.500000 568.750000 -87.500000 546.875000 -109.375000 546.875000
-131.250000 568.750000 -109.375000 568.750000 -109.375000 546.875000 -131.250000 546.875000
-109.375000 546.875000 -87.500000 546.875000 -87.500000 525.000000 -109.375000 525.000000
-131.250000 546.875000 -109.375000 546.875000 -109.375000 525.000000 -131.250000 525.000000
-175.000000 568.750000 -131.250000 568.750000 -131.250000 525.000000 -175.000000 525.000000
-350.000000 700.000000 -175.000000 700.000000 -175.000000 525.000000 -350.000000 525.000000
-175.000000 525.000000 0.000000 525.000000 0.000000 350.000000 -175.000000 350.000000
-87.500000 525.000000 0.000000 525.000000 0.000000 437.500000 -87.500000 437.500000
-175.000000 525.000000 -87.500000 525.000000 -87.500000 437.500000 -175.000000 437.500000
-131.250000 525.000000 -87.500000 525.000000 -87.500000 481.250000 -131.250000 481.250000
-175.000000 525.000000 -131.250000 525.000000 -131.250000 481.250000 -175.000000 481.250000
-153.125000 525.000000 -131.250000 525.000000 -131.250000 503.125000 -153.125000 503.125000
-175.000000 525.000000 -153.125000 525.000000 -153.125000 503.125000 -175.000000 503.125000
-153.125000 503.125000 -131.250000 503.125000 -131.250000 481.250000 -153.125000 481.250000
-175.000000 503.125000 -153.125000 503.125000 -153.125000 481.250000 -175.000000 481.250000
-131.250000 481.250000 -87.500000 481.250000 -87.500000 437.500000 -131.250000 437.500000
-175.000000 481.250000 -131.250000 481.250000 -131.250000 437.500000 -175.000000 437.500000
-153.125000 481.250000 -131.250000 481.250000 -131.250000 459.375000 -153.125000 459.375000
-175.000000 481.250000 -153.125000 481.250000 -153.125000 459.375000 -175.000000 459.375000
-153.125000 459.375000 -131.250000 459.375000 -131.250000 437.500000 -153.125000 437.500000
-175.000000 459.375000 -153.125000 459.375000 -153.125000 437.500000 -175.000000 437.500000
-87.500000 437.500000 0.000000 437.500000 0.000000 350.000000 -87.500000 350.000000
-175.000000 437.500000 -87.500000 437.500000 -87.500000 350.000000 -175.000000 350.000000
-131.250000 437.500000 -87.500000 437.500000 -87.500000 393.750000 -131.250000 393.750000
-175.000000 437.500000 -131.250000 437.500000 -131.250000 393.750000 -175.000000 393.750000
-153.125000 437.500000 -131.250000 437.500000 -131.250000 415.625000 -153.125000 415.625000
-175.000000 437.500000 -153.125000 437.500000 -153.125000 415.625000 -175.000000 415.625000
-153.125000 415.625000 -131.250000 415.625000 -131.250000 393.750000 -153.125000 393.750000
-175.000000 415.625000 -153.125000 415.625000 -153.125000 393.750000 -175.000000 393.750000
-131.250000 393.750000 -87.500000 393.750000 -87.500000 350.000000 -131.250000 350.000000
-175.000000 393.750000 -131.250000 393.750000 -131.250000 350.000000 -175.000000 350.000000
-153.125000 393.750000 -131.250000 393.750000 -131.250000 371.875000 -153.125000 371.875000
-175.000000 393.750000 -153.125000 393.750000 -153.125000 371.875000 -175.000000 371.875000
-153.125000 371.875000 -131.250000 371.875000 -131.250000 350.000000 -153.125000 350.000000
-175.000000 371.875000 -153.125000 371.875000 -153.125000 350.000000 -175.000000 350.000000
-350.000000 525.000000 -175.000000 525.000000 -175.000000 350.000000 -350.000000 350.000000
-700.000000 700.000000 -350.000000 700.000000 -350.000000 350.000000 -700.000000 350.000000
-350.000000 350.000000 0.000000 350.000000 0.000000 0.000000 -350.000000 0.000000
-175.000000 350.000000 0.000000 350.000000 0.000000 175.000000 -175.000000 175.000000
-87.500000 350.000000 0.000000 350.000000 0.000000 262.500000 -87.500000 262.500000
-175.000000 350.000000 -87.500000 350.000000 -87.500000 262.500000 -175.000000 262.500000
-131.250000 350.000000 -87.500000 350.000000 -87.500000 306.250000 -131.250000 306.250000
-175.000000 350.000000 -131.250000 350.000000 -131.250000 306.250000 -175.000000 306.250000
-153.125000 350.000000 -131.250000 350.000000 -131.250000 328.125000 -153.125000 328.125000
-175.000000 350.000000 -153.125000 350.000000 -153.125000 328.125000 -175.000000 328.125000
-153.125000 328.125000 -131.250000 328.125000 -131.250000 306.250000 -153.125000 306.250000
-175.000000 328.125000 -153.125000 328.125000 -153.125000 306.250000 -175.000000 306.250000
-131.250000 306.250000 -87.500000 306.250000 -87.500000 262.500000 -131.250000 262.500000
-175.000000 306.250000 -131.250000 306.250000 -131.250000 262.500000 -175.000000 262.500000
-153.125000 306.250000 -131.250000 306.250000 -131.250000 284.375000 -153.125000 284.375000
-175.000000 306.250000 -153.125000 306.250000 -153.125000 284.375000 -175.000000 284.375000
-153.125000 284.375000 -131.250000 284.375000 -131.250000 262.500000 -153.125000 262.500000
-175.000000 284.375000 -153.125000 284.375000 -153.125000 262.500000 -175.000000 262.500000
-87.500000 262.500000 0.000000 262.500000 0.000000 175.000000 -87.500000 175.000000
-175.000000 262.500000 -87.500000 262.500000 -87.500000 175.000000 -175.000000 175.000000
-131.250000 262.500000 -87.500000 262.500000 -87.500000 218.750000 -131.250000 218.750000
-175.000000 262.500000 -131.250000 262.500000 -131.250000 218.750000 -175.000000 218.750000
-153.125000 262.500000 -131.250000 262.500000 -131.250000 240.625000 -153.125000 240.625000
-175.000000 262.500000 -153.125000 262.500000 -153.125000 240.625000 -175.000000 240.625000
-153.125000 240.625000 -131.250000 240.625000 -131.250000 218.750000 -153.125000 218.750000
-175.000000 240.625000 -153.125000 240.625000 -153.125000 218.750000 -175.000000 218.750000
-131.250000 218.750000 -87.500000 218.750000 -87.500000 175.000000 -131.250000 175.000000
-109.375000 218.750000 -87.500000 218.750000 -87.500000 196.875000 -109.375000 196.875000
-131.250000 218.750000 -109.375000 218.750000 -109.375000 196.875000 -131.250000 196.875000
-109.375000 196.875000 -87.500000 196.875000 -87.500000 175.000000 -109.375000 175.000000
-131.250000 196.875000 -109.375000 196.875000 -109.375000 175.000000 -131.250000 175.000000
-120.312500 196.875000 -109.375000 196.875000 -109.375000 185.937500 -120.312500 185.937500
-131.250000 196.875000 -120.312500 196.875000 -120.312500 185.937500 -131.250000 185.937500
-120.312500 185.937500 -109.375000 185.937500 -109.375000 175.000000 -120.312500 175.000000
-131.250000 185.937500 -120.312500 185.937500 -120.312500 175.000000 -131.250000 175.000000
-175.000000 218.750000 -131.250000 218.750000 -131.250000 175.000000 -175.000000 175.000000
-350.000000 350.000000 -175.000000 350.000000 -175.000000 175.000000 -350.000000 175.000000
-175.000000 175.000000 0.000000 175.000000 0.000000 0.000000 -175.000000 0.000000
-87.500000 175.000000 0.000000 175.000000 0.000000 87.500000 -87.500000 87.500000
-175.000000 175.000000 -87.500000 175.000000 -87.500000 87.500000 -175.000000 87.500000
-131.250000 175.000000 -87.500000 175.000000 -87.500000 131.250000 -131.250000 131.250000
-109.375000 175.000000 -87.500000 175.000000 -87.500000 153.125000 -109.375000 153.125000
-131.250000 175.000000 -109.375000 175.000000 -109.375000 153.125000 -131.250000 153.125000
-120.312500 175.000000 -109.375000 175.000000 -109.375000 164.062500 -120.312500 164.062500
-131.250000 175.000000 -120.312500 175.000000 -120.312500 164.062500 -131.250000 164.062500
-120.312500 164.062500 -109.375000 164.062500 -109.375000 153.125000 -120.312500 153.125000
-131.250000 164.062500 -120.312500 164.062500 -120.312500 153.125000 -131.250000 153.125000
-109.375000 153.125000 -87.500000 153.125000 -87.500000 131.250000 -109.375000 131.250000
-131.250000 153.125000 -109.375000 153.125000 -109.375000 131.250000 -131.250000 131.250000
-175.000000 175.000000 -131.250000 175.000000 -131.250000 131.250000 -175.000000 131.250000
-131.250000 131.250000 -87.500000 131.250000 -87.500000 87.500000 -131.250000 87.500000
-109.375000 131.250000 -87.500000 131.250000 -87.500000 109.375000 -109.375000 109.375000
-98.437500 131.250000 -87.500000 131.250000 -87.500000 120.312500 -98.437500 120.312500
-109.375000 131.250000 -98.437500 131.250000 -98.437500 120.312500 -109.375000 120.312500
-103.906250 131.250000 -98.437500 131.250000 -98.437500 125.781250 -103.906250 125.781250
-109.375000 131.250000 -103.906250 131.250000 -103.906250 125.781250 -109.375000 125.781250
-103.906250 125.781250 -98.437500 125.781250 -98.437500 120.312500 -103.906250 120.312500
-109.375000 125.781250 -103.906250 125.781250 -103.906250 120.312500 -109.375000 120.312500
-98.437500 120.312500 -87.500000 120.312500 -87.500000 109.375000 -98.437500 109.375000
-109.375000 120.312500 -98.437500 120.312500 -98.437500 109.375000 -109.375000 109.375000
-103.906250 120.312500 -98.437500 120.312500 -98.437500 114.843750 -103.906250 114.843750
-109.375000 120.312500 -103.906250 120.312500 -103.906250 114.843750 -109.375000 114.843750
-103.906250 114.843750 -98.437500 114.843750 -98.437500 109.375000 -103.906250 109.375000
-109.375000 114.843750 -103.906250 114.843750 -103.906250 109.375000 -109.375000 109.375000
-131.250000 131.250000 -109.375000 131.250000 -109.375000 109.375000 -131.250000 109.375000
-109.375000 109.375000 -87.500000 109.375000 -87.500000 87.500000 -109.375000 87.500000
-98.437500 109.375000 -87.500000 109.375000 -87.500000 98.437500 -98.437500 98.437500
-109.375000 109.375000 -98.437500 109.375000 -98.437500 98.437500 -109.375000 98.437500
-103.906250 109.375000 -98.437500 109.375000 -98.437500 103.906250 -103.906250 103.906250
-109.375000 109.375000 -103.906250 109.375000 -103.906250 103.906250 -109.375000 103.906250
-106.640625 109.375000 -103.906250 109.375000 -103.906250 106.640625 -106.640625 106.640625
-109.375000 109.375000 -106.640625 109.375000 -106.640625 106.640625 -109.375000 106.640625
-106.640625 106.640625 -103.906250 106.640625 -103.906250 103.906250 -106.640625 103.906250
-109.375000 106.640625 -106.640625 106.640625 -106.640625 103.906250 -109.375000 103.906250
-103.906250 103.906250 -98.437500 103.906250 -98.437500 98.437500 -103.906250 98.437500
-109.375000 103.906250 -103.906250 103.906250 -103.906250 98.437500 -109.375000 98.437500
-98.437500 98.437500 -87.500000 98.437500 -87.500000 87.500000 -98.437500 87.500000
-109.375000 98.437500 -98.437500 98.437500 -98.437500 87.500000 -109.375000 87.500000
-131.250000 109.375000 -109.375000 109.375000 -109.375000 87.500000 -131.250000 87.500000
-120.312500 109.375000 -109.375000 109.375000 -109.375000 98.437500 -120.312500 98.437500
-114.843750 109.375000 -109.375000 109.375000 -109.375000 103.906250 -114.843750 103.906250
-120.312500 109.375000 -114.843750 109.375000 -114.843750 103.906250 -120.312500 103.906250
-114.843750 103.906250 -109.375000 103.906250 -109.375000 98.437500 -114.843750 98.437500
-120.312500 103.906250 -114.843750 103.906250 -114.843750 98.437500 -120.312500 98.437500
-131.250000 109.375000 -120.312500 109.375000 -120.312500 98.437500 -131.250000 98.437500
-125.781250 109.375000 -120.312500 109.375000 -120.312500 103.906250 -125.781250 103.906250
-131.250000 109.375000 -125.781250 109.375000 -125.781250 103.906250 -131.250000 103.906250
-125.781250 103.906250 -120.312500 103.906250 -120.312500 98.437500 -125.781250 98.437500
-131.250000 103.906250 -125.781250 103.906250 -125.781250 98.437500 -131.250000 98.437500
-120.312500 98.437500 -109.375000 98.437500 -109.375000 87.500000 -120.312500 87.500000
-131.250000 98.437500 -120.312500 98.437500 -120.312500 87.500000 -131.250000 87.500000
-175.000000 131.250000 -131.250000 131.250000 -131.250000 87.500000 -175.000000 87.500000
-153.125000 131.250000 -131.250000 131.250000 -131.250000 109.375000 -153.125000 109.375000
-175.000000 131.250000 -153.125000 131.250000 -153.125000 109.375000 -175.000000 109.375000
-164.062500 131.250000 -153.125000 131.250000 -153.125000 120.312500 -164.062500 120.312500
-175.000000 131.250000 -164.062500 131.250000 -164.062500 120.312500 -175.000000 120.312500
-164.062500 120.312500 -153.125000 120.312500 -153.125000 109.375000 -164.062500 109.375000
-175.000000 120.312500 -164.062500 120.312500 -164.062500 109.375000 -175.000000 109.375000
-153.125000 109.375000 -131.250000 109.375000 -131.250000 87.500000 -153.125000 87.500000
-175.000000 109.375000 -153.125000 109.375000 -153.125000 87.500000 -175.000000 87.500000
-87.500000 87.500000 0.000000 87.500000 0.000000 0.000000 -87.500000 0.000000
-175.000000 87.500000 -87.500000 87.500000 -87.500000 0.000000 -175.000000 0.000000
-350.000000 175.000000 -175.000000 175.000000 -175.000000 0.000000 -350.000000 0.000000
-262.500000 175.000000 -175.000000 175.000000 -175.000000 87.500000 -262.500000 87.500000
-218.750000 175.000000 -175.000000 175.000000 -175.000000 131.250000 -218.750000 131.250000
-262.500000 175.000000 -218.750000 175.000000 -218.750000 131.250000 -262.500000 131.250000
-240.625000 175.000000 -218.750000 175.000000 -218.750000 153.125000 -240.625000 153.125000
-262.500000 175.000000 -240.625000 175.000000 -240.625000 153.125000 -262.500000 153.125000
-240.625000 153.125000 -218.750000 153.125000 -218.750000 131.250000 -240.625000 131.250000
-262.500000 153.125000 -240.625000 153.125000 -240.625000 131.250000 -262.500000 131.250000
-218.750000 131.250000 -175.000000 131.250000 -175.000000 87.500000 -218.750000 87.500000
-196.875000 131.250000 -175.000000 131.250000 -175.000000 109.375000 -196.875000 109.375000
-185.937500 131.250000 -175.000000 131.250000 -175.000000 120.312500 -185.937500 120.312500
-196.875000 131.250000 -185.937500 131.250000 -185.937500 120.312500 -196.875000 120.312500
-185.937500 120.312500 -175.000000 120.312500 -175.000000 109.375000 -185.937500 109.375000
-196.875000 120.312500 -185.937500 120.312500 -185.937500 109.375000 -196.875000 109.375000
-218.750000 131.250000 -196.875000 131.250000 -196.875000 109.375000 -218.750000 109.375000
-196.875000 109.375000 -175.000000 109.375000 -175.000000 87.500000 -196.875000 87.500000
-218.750000 109.375000 -196.875000 109.375000 -196.875000 87.500000 -218.750000 87.500000
-262.500000 131.250000 -218.750000 131.250000 -218.750000 87.500000 -262.500000 87.500000
-350.000000 175.000000 -262.500000 175.000000 -262.500000 87.500000 -350.000000 87.500000
-306.250000 175.000000 -262.500000 175.000000 -262.500000 131.250000 -306.250000 131.250000
-284.375000 175.000000 -262.500000 175.000000 -262.500000 153.125000 -284.375000 153.125000
-306.250000 175.000000 -284.375000 175.000000 -284.375000 153.125000 -306.250000 153.125000
-284.375000 153.125000 -262.500000 153.125000 -262.500000 131.250000 -284.375000 131.250000
-306.250000 153.125000 -284.375000 153.125000 -284.375000 131.250000 -306.250000 131.250000
-350.000000 175.000000 -306.250000 175.000000 -306.250000 131.250000 -350.000000 131.250000
-328.125000 175.000000 -306.250000 175.000000 -306.250000 153.125000 -328.125000 153.125000
-350.000000 175.000000 -328.125000 175.000000 -328.125000 153.125000 -350.000000 153.125000
-328.125000 153.125000 -306.250000 153.125000 -306.250000 131.250000 -328.125000 131.250000
-350.000000 153.125000 -328.125000 153.125000 -328.125000 131.250000 -350.000000 131.250000
-306.250000 131.250000 -262.500000 131.250000 -262.500000 87.500000 -306.250000 87.500000
-350.000000 131.250000 -306.250000 131.250000 -306.250000 87.500000 -350.000000 87.500000
-262.500000 87.500000 -175.000000 87.500000 -175.000000 0.000000 -262.500000 0.000000
-350.000000 87.500000 -262.500000 87.500000 -262.500000 0.000000 -350.000000 0.000000
-700.000000 350.000000 -350.000000 350.000000 -350.000000 0.000000 -700.000000 0.000000
-525.000000 350.000000 -350.000000 350.000000 -350.000000 175.000000 -525.000000 175.000000
-700.000000 350.000000 -525.000000 350.000000 -525.000000 175.000000 -700.000000 175.000000
-525.000000 175.000000 -350.000000 175.000000 -350.000000 0.000000 -525.000000 0.000000
-437.500000 175.000000 -350.000000 175.000000 -350.000000 87.500000 -437.500000 87.500000
-393.750000 175.000000 -350.000000 175.000000 -350.000000 131.250000 -393.750000 131.250000
-371.875000 175.000000 -350.000000 175.000000 -350.000000 153.125000 -371.875000 153.125000
-393.750000 175.000000 -371.875000 175.000000 -371.875000 153.125000 -393.750000 153.125000
-371.875000 153.125000 -350.000000 153.125000 -350.000000 131.250000 -371.875000 131.250000
-393.750000 153.125000 -371.875000 153.125000 -371.875000 131.250000 -393.750000 131.250000
-437.500000 175.000000 -393.750000 175.000000 -393.750000 131.250000 -437.500000 131.250000
-415.625000 175.000000 -393.750000 175.000000 -393.750000 153.125000 -415.625000 153.125000
-437.500000 175.000000 -415.625000 175.000000 -415.625000 153.125000 -437.500000 153.125000
-415.625000 153.125000 -393.750000 153.125000 -393.750000 131.250000 -415.625000 131.250000
-437.500000 153.125000 -415.625000 153.125000 -415.625000 131.250000 -437.500000 131.250000
-393.750000 131.250000 -350.000000 131.250000 -350.000000 87.500000 -393.750000 87.500000
-437.500000 131.250000 -393.750000 131.250000 -393.750000 87.500000 -437.500000 87.500000
-525.000000 175.000000 -437.500000 175.000000 -437.500000 87.500000 -525.000000 87.500000
-481.250000 175.000000 -437.500000 175.000000 -437.500000 131.250000 -481.250000 131.250000
-459.375000 175.000000 -437.500000 175.000000 -437.500000 153.125000 -459.375000 153.125000
-481.250000 175.000000 -459.375000 175.000000 -459.375000 153.125000 -481.250000 153.125000
-459.375000 153.125000 -437.500000 153.125000 -437.500000 131.250000 -459.375000 131.250000
-481.250000 153.125000 -459.375000 153.125000 -459.375000 131.250000 -481.250000 131.250000
-525.000000 175.000000 -481.250000 175.000000 -481.250000 131.250000 -525.000000 131.250000
-503.125000 175.000000 -481.250000 175.000000 -481.250000 153.125000 -503.125000 153.125000
-525.000000 175.000000 -503.125000 175.000000 -503.125000 153.125000 -525.000000 153.125000
-503.125000 153.125000 -481.250000 153.125000 -481.250000 131.250000 -503.125000 131.250000
-525.000000 153.125000 -503.125000 153.125000 -503.125000 131.250000 -525.000000 131.250000
-481.250000 131.250000 -437.500000 131.250000 -437.500000 87.500000 -481.250000 87.500000
-525.000000 131.250000 -481.250000 131.250000 -481.250000 87.500000 -525.000000 87.500000
-437.500000 87.500000 -350.000000 87.500000 -350.000000 0.000000 -437.500000 0.000000
-525.000000 87.500000 -437.500000 87.500000 -437.500000 0.000000 -525.000000 0.000000
-700.000000 175.000000 -525.000000 175.000000 -525.000000 0.000000 -700.000000 0.000000
-612.500000 175.000000 -525.000000 175.000000 -525.000000 87.500000 -612.500000 87.500000
-568.750000 175.000000 -525.000000 175.000000 -525.000000 131.250000 -568.750000 131.250000
-612.500000 175.000000 -568.750000 175.000000 -568.750000 131.250000 -612.500000 131.250000
-568.750000 131.250000 -525.000000 131.250000 -525.000000 87.500000 -568.750000 87.500000
-546.875000 131.250000 -525.000000 131.250000 -525.000000 109.375000 -546.875000 109.375000
-568.750000 131.250000 -546.875000 131.250000 -546.875000 109.375000 -568.750000 109.375000
-546.875000 109.375000 -525.000000 109.375000 -525.000000 87.500000 -546.875000 87.500000
-568.750000 109.375000 -546.875000 109.375000 -546.875000 87.500000 -568.750000 87.500000
-612.500000 131.250000 -568.750000 131.250000 -568.750000 87.500000 -612.500000 87.500000
-590.625000 131.250000 -568.750000 131.250000 -568.750000 109.375000 -590.625000 109.375000
-612.500000 131.250000 -590.625000 131.250000 -590.625000 109.375000 -612.500000 109.375000
-590.625000 109.375000 -568.750000 109.375000 -568.750000 87.500000 -590.625000 87.500000
-612.500000 109.375000 -590.625000 109.375000 -590.625000 87.500000 -612.500000 87.500000
-700.000000 175.000000 -612.500000 175.000000 -612.500000 87.500000 -700.000000 87.500000
-612.500000 87.500000 -525.000000 87.500000 -525.000000 0.000000 -612.500000 0.000000
-700.000000 87.500000 -612.500000 87.500000 -612.500000 0.000000 -700.000000 0.000000
-656.250000 87.500000 -612.500000 87.500000 -612.500000 43.750000 -656.250000 43.750000
-634.375000 87.500000 -612.500000 87.500000 -612.500000 65.625000 -634.375000 65.625000
-656.250000 87.500000 -634.375000 87.500000 -634.375000 65.625000 -656.250000 65.625000
-634.375000 65.625000 -612.500000 65.625000 -612.500000 43.750000 -634.375000 43.750000
-656.250000 65.625000 -634.375000 65.625000 -634.375000 43.750000 -656.250000 43.750000
-700.000000 87.500000 -656.250000 87.500000 -656.250000 43.750000 -700.000000 43.750000
-656.250000 43.750000 -612.500000 43.750000 -612.500000 0.000000 -656.250000 0.000000
-634.375000 43.750000 -612.500000 43.750000 -612.500000 21.875000 -634.375000 21.875000
-656.250000 43.750000 -634.375000 43.750000 -634.375000 21.875000 -656.250000 21.875000
-645.312500 43.750000 -634.375000 43.750000 -634.375000 32.812500 -645.312500 32.812500
-656.250000 43.750000 -645.312500 43.750000 -645.312500 32.812500 -656.250000 32.812500
-645.312500 32.812500 -634.375000 32.812500 -634.375000 21.875000 -645.312500 21.875000
-656.250000 32.812500 -645.312500 32.812500 -645.312500 21.875000 -656.250000 21.875000
-634.375000 21.875000 -612.500000 21.875000 -612.500000 0.000000 -634.375000 0.000000
-656.250000 21.875000 -634.375000 21.875000 -634.375000 0.000000 -656.250000 0.000000
-645.312500 21.875000 -634.375000 21.875000 -634.375000 10.937500 -645.312500 10.937500
-656.250000 21.875000 -645.312500 21.875000 -645.312500 10.937500 -656.250000 10.937500
-645.312500 10.937500 -634.375000 10.937500 -634.375000 0.000000 -645.312500 0.000000
-656.250000 10.937500 -645.312500 10.937500 -645.312500 0.000000 -656.250000 0.000000
-700.000000 43.750000 -656.250000 43.750000 -656.250000 0.000000 -700.000000 0.000000
0.000000 0.000000 700.000000 0.000000 700.000000 -700.000000 0.000000 -700.000000
350.000000 0.000000 700.000000 0.000000 700.000000 -350.000000 350.000000 -350.000000
525.000000 0.000000 700.000000 0.000000 700.000000 -175.000000 525.000000 -175.000000
612.500000 0.000000 700.000000 0.000000 700.000000 -87.500000 612.500000 -87.500000
656.250000 0.000000 700.000000 0.000000 700.000000 -43.750000 656.250000 -43.750000
612.500000 0.000000 656.250000 0.000000 656.250000 -43.750000 612.500000 -43.750000
634.375000 0.000000 656.250000 0.000000 656.250000 -21.875000 634.375000 -21.875000
645.312500 0.000000 656.250000 0.000000 656.250000 -10.937500 645.312500 -10.937500
634.375000 0.000000 645.312500 0.000000 645.312500 -10.937500 634.375000 -10.937500
645.312500 -10.937500 656.250000 -10.937500 656.250000 -21.875000 645.312500 -21.875000
634.375000 -10.937500 645.312500 -10.937500 645.312500 -21.875000 634.375000 -21.875000
612.500000 0.000000 634.375000 0.000000 634.375000 -21.875000 612.500000 -21.875000
634.375000 -21.875000 656.250000 -21.875000 656.250000 -43.750000 634.375000 -43.750000
645.312500 -21.875000 656.250000 -21.875000 656.250000 -32.812500 645.312500 -32.812500
634.375000 -21.875000 645.312500 -21.875000 645.312500 -32.812500 634.375000 -32.812500
645.312500 -32.812500 656.250000 -32.812500 656.250000 -43.750000 645.312500 -43.750000
634.375000 -32.812500 645.312500 -32.812500 645.312500 -43.750000 634.375000 -43.750000
612.500000 -21.875000 634.375000 -21.875000 634.375000 -43.750000 612.500000 -43.750000
656.250000 -43.750000 700.000000 -43.750000 700.000000 -87.500000 656.250000 -87.500000
612.500000 -43.750000 656.250000 -43.750000 656.250000 -87.500000 612.500000 -87.500000
634.375000 -43.750000 656.250000 -43.750000 656.250000 -65.625000 634.375000 -65.625000
612.500000 -43.750000 634.375000 -43.750000 634.375000 -65.625000 612.500000 -65.625000
634.375000 -65.625000 656.250000 -65.625000 656.250000 -87.500000 634.375000 -87.500000
612.500000 -65.625000 634.375000 -65.625000 634.375000 -87.500000 612.500000 -87.500000
525.000000 0.000000 612.500000 0.000000 612.500000 -87.500000 525.000000 -87.500000
612.500000 -87.500000 700.000000 -87.500000 700.000000 -175.000000 612.500000 -175.000000
525.000000 -87.500000 612.500000 -87.500000 612.500000 -175.000000 525.000000 -175.000000
568.750000 -87.500000 612.500000 -87.500000 612.500000 -131.250000 568.750000 -131.250000
590.625000 -87.500000 612.500000 -87.500000 612.500000 -109.375000 590.625000 -109.375000
568.750000 -87.500000 590.625000 -87.500000 590.625000 -109.375000 568.750000 -109.375000
590.625000 -109.375000 612.500000 -109.375000 612.500000 -131.250000 590.625000 -131.250000
568.750000 -109.375000 590.625000 -109.375000 590.625000 -131.250000 568.750000 -131.250000
525.000000 -87.500000 568.750000 -87.500000 568.750000 -131.250000 525.000000 -131.250000
546.875000 -87.500000 568.750000 -87.500000 568.750000 -109.375000 546.875000 -109.375000
525.000000 -87.500000 546.875000 -87.500000 546.875000 -109.375000 525.000000 -109.375000
546.875000 -109.375000 568.750000 -109.375000 568.750000 -131.250000 546.875000 -131.250000
525.000000 -109.375000 546.875000 -109.375000 546.875000 -131.250000 525.000000 -131.250000
568.750000 -131.250000 612.500000 -131.250000 612.500000 -175.000000 568.750000 -175.000000
525.000000 -131.250000 568.750000 -131.250000 568.750000 -175.000000 525.000000 -175.000000
350.000000 0.000000 525.000000 0.000000 525.000000 -175.000000 350.000000 -175.000000
437.500000 0.000000 525.000000 0.000000 525.000000 -87.500000 437.500000 -87.500000
350.000000 0.000000 437.500000 0.000000 437.500000 -87.500000 350.000000 -87.500000
437.500000 -87.500000 525.000000 -87.500000 525.000000 -175.000000 437.500000 -175.000000
481.250000 -87.500000 525.000000 -87.500000 525.000000 -131.250000 481.250000 -131.250000
437.500000 -87.500000 481.250000 -87.500000 481.250000 -131.250000 437.500000 -131.250000
481.250000 -131.250000 525.000000 -131.250000 525.000000 -175.000000 481.250000 -175.000000
503.125000 -131.250000 525.000000 -131.250000 525.000000 -153.125000 503.125000 -153.125000
481.250000 -131.250000 503.125000 -131.250000 503.125000 -153.125000 481.250000 -153.125000
503.125000 -153.125000 525.000000 -153.125000 525.000000 -175.000000 503.125000 -175.000000
481.250000 -153.125000 503.125000 -153.125000 503.125000 -175.000000 481.250000 -175.000000
437.500000 -131.250000 481.250000 -131.250000 481.250000 -175.000000 437.500000 -175.000000
459.375000 -131.250000 481.250000 -131.250000 481.250000 -153.125000 459.375000 -153.125000
437.500000 -131.250000 459.375000 -131.250000 459.375000 -153.125000 437.500000 -153.125000
459.375000 -153.125000 481.250000 -153.125000 481.250000 -175.000000 459.375000 -175.000000
437.500000 -153.125000 459.375000 -153.125000 459.375000 -175.000000 437.500000 -175.000000
350.000000 -87.500000 437.500000 -87.500000 437.500000 -175.000000 350.000000 -175.000000
393.750000 -87.500000 437.500000 -87.500000 437.500000 -131.250000 393.750000 -131.250000
350.000000 -87.500000 393.750000 -87.500000 393.750000 -131.250000 350.000000 -131.250000
393.750000 -131.250000 437.500000 -131.250000 437.500000 -175.000000 393.750000 -175.000000
415.625000 -131.250000 437.500000 -131.250000 437.500000 -153.125000 415.625000 -153.125000
393.750000 -131.250000 415.625000 -131.250000 415.625000 -153.125000 393.750000 -153.125000
415.625000 -153.125000 437.500000 -153.125000 437.500000 -175.000000 415.625000 -175.000000
393.750000 -153.125000 415.625000 -153.125000 415.625000 -175.000000 393.750000 -175.000000
350.000000 -131.250000 393.750000 -131.250000 393.750000 -175.000000 350.000000 -175.000000
371.875000 -131.250000 393.750000 -131.250000 393.750000 -153.125000 371.875000 -153.125000
350.000000 -131.250000 371.875000 -131.250000 371.875000 -153.125000 350.000000 -153.125000
371.875000 -153.125000 393.750000 -153.125000 393.750000 -175.000000 371.875000 -175.000000
350.000000 -153.125000 371.875000 -153.125000 371.875000 -175.000000 350.000000 -175.000000
525.000000 -175.000000 700.000000 -175.000000 700.000000 -350.000000 525.000000 -350.000000
350.000000 -175.000000 525.000000 -175.000000 525.000000 -350.000000 350.000000 -350.000000
0.000000 0.000000 350.000000 0.000000 350.000000 -350.000000 0.000000 -350.000000
175.000000 0.000000 350.000000 0.000000 350.000000 -175.000000 175.000000 -175.000000
262.500000 0.000000 350.000000 0.000000 350.000000 -87.500000 262.500000 -87.500000
175.000000 0.000000 262.500000 0.000000 262.500000 -87.500000 175.000000 -87.500000
262.500000 -87.500000 350.000000 -87.500000 350.000000 -175.000000 262.500000 -175.000000
306.250000 -87.500000 350.000000 -87.500000 350.000000 -131.250000 306.250000 -131.250000
262.500000 -87.500000 306.250000 -87.500000 306.250000 -131.250000 262.500000 -131.250000
306.250000 -131.250000 350.000000 -131.250000 350.000000 -175.000000 306.250000 -175.000000
328.125000 -131.250000 350.000000 -131.250000 350.000000 -153.125000 328.125000 -153.125000
306.250000 -131.250000 328.125000 -131.250000 328.125000 -153.125000 306.250000 -153.125000
328.125000 -153.125000 350.000000 -153.125000 350.000000 -175.000000 328.125000 -175.000000
306.250000 -153.125000 328.125000 -153.125000 328.125000 -175.000000 306.250000 -175.000000
262.500000 -131.250000 306.250000 -131.250000 306.250000 -175.000000 262.500000 -175.000000
284.375000 -131.250000 306.250000 -131.250000 306.250000 -153.125000 284.375000 -153.125000
262.500000 -131.250000 284.375000 -131.250000 284.375000 -153.125000 262.500000 -153.125000
284.375000 -153.125000 306.250000 -153.125000 306.250000 -175.000000 284.375000 -175.000000
262.500000 -153.125000 284.375000 -153.125000 284.375000 -175.000000 262.500000 -175.000000
175.000000 -87.500000 262.500000 -87.500000 262.500000 -175.000000 175.000000 -175.000000
218.750000 -87.500000 262.500000 -87.500000 262.500000 -131.250000 218.750000 -131.250000
175.000000 -87.500000 218.750000 -87.500000 218.750000 -131.250000 175.000000 -131.250000
196.875000 -87.500000 218.750000 -87.500000 218.750000 -109.375000 196.875000 -109.375000
175.000000 -87.500000 196.875000 -87.500000 196.875000 -109.375000 175.000000 -109.375000
196.875000 -109.375000 218.750000 -109.375000 218.750000 -131.250000 196.875000 -131.250000
175.000000 -109.375000 196.875000 -109.375000 196.875000 -131.250000 175.000000 -131.250000
185.937500 -109.375000 196.875000 -109.375000 196.875000 -120.312500 185.937500 -120.312500
175.000000 -109.375000 185.937500 -109.375000 185.937500 -120.312500 175.000000 -120.312500
185.937500 -120.312500 196.875000 -120.312500 196.875000 -131.250000 185.937500 -131.250000
175.000000 -120.312500 185.937500 -120.312500 185.937500 -131.250000 175.000000 -131.250000
218.750000 -131.250000 262.500000 -131.250000 262.500000 -175.000000 218.750000 -175.000000
240.625000 -131.250000 262.500000 -131.250000 262.500000 -153.125000 240.625000 -153.125000
218.750000 -131.250000 240.625000 -131.250000 240.625000 -153.125000 218.750000 -153.125000
240.625000 -153.125000 262.500000 -153.125000 262.500000 -175.000000 240.625000 -175.000000
218.750000 -153.125000 240.625000 -153.125000 240.625000 -175.000000 218.750000 -175.000000
175.000000 -131.250000 218.750000 -131.250000 218.750000 -175.000000 175.000000 -175.000000
0.000000 0.000000 175.000000 0.000000 175.000000 -175.000000 0.000000 -175.000000
87.500000 0.000000 175.000000 0.000000 175.000000 -87.500000 87.500000 -87.500000
0.000000 0.000000 87.500000 0.000000 87.500000 -87.500000 0.000000 -87.500000
87.500000 -87.500000 175.000000 -87.500000 175.000000 -175.000000 87.500000 -175.000000
131.250000 -87.500000 175.000000 -87.500000 175.000000 -131.250000 131.250000 -131.250000
153.125000 -87.500000 175.000000 -87.500000 175.000000 -109.375000 153.125000 -109.375000
131.250000 -87.500000 153.125000 -87.500000 153.125000 -109.375000 131.250000 -109.375000
153.125000 -109.375000 175.000000 -109.375000 175.000000 -131.250000 153.125000 -131.250000
164.062500 -109.375000 175.000000 -109.375000 175.000000 -120.312500 164.062500 -120.312500
153.125000 -109.375000 164.062500 -109.375000 164.062500 -120.312500 153.125000 -120.312500
164.062500 -120.312500 175.000000 -120.312500 175.000000 -131.250000 164.062500 -131.250000
153.125000 -120.312500 164.062500 -120.312500 164.062500 -131.250000 153.125000 -131.250000
131.250000 -109.375000 153.125000 -109.375000 153.125000 -131.250000 131.250000 -131.250000
87.500000 -87.500000 131.250000 -87.500000 131.250000 -131.250000 87.500000 -131.250000
109.375000 -87.500000 131.250000 -87.500000 131.250000 -109.375000 109.375000 -109.375000
120.312500 -87.500000 131.250000 -87.500000 131.250000 -98.437500 120.312500 -98.437500
109.375000 -87.500000 120.312500 -87.500000 120.312500 -98.437500 109.375000 -98.437500
120.312500 -98.437500 131.250000 -98.437500 131.250000 -109.375000 120.312500 -109.375000
125.781250 -98.437500 131.250000 -98.437500 131.250000 -103.906250 125.781250 -103.906250
120.312500 -98.437500 125.781250 -98.437500 125.781250 -103.906250 120.312500 -103.906250
125.781250 -103.906250 131.250000 -103.906250 131.250000 -109.375000 125.781250 -109.375000
120.312500 -103.906250 125.781250 -103.906250 125.781250 -109.375000 120.312500 -109.375000
109.375000 -98.437500 120.312500 -98.437500 120.312500 -109.375000 109.375000 -109.375000
114.843750 -98.437500 120.312500 -98.437500 120.312500 -103.906250 114.843750 -103.906250
109.375000 -98.437500 114.843750 -98.437500 114.843750 -103.906250 109.375000 -103.906250
114.843750 -103.906250 120.312500 -103.906250 120.312500 -109.375000 114.843750 -109.375000
109.375000 -103.906250 114.843750 -103.906250 114.843750 -109.375000 109.375000 -109.375000
87.500000 -87.500000 109.375000 -87.500000 109.375000 -109.375000 87.500000 -109.375000
98.437500 -87.500000 109.375000 -87.500000 109.375000 -98.437500 98.437500 -98.437500
87.500000 -87.500000 98.437500 -87.500000 98.437500 -98.437500 87.500000 -98.437500
98.437500 -98.437500 109.375000 -98.437500 109.375000 -109.375000 98.437500 -109.375000
103.906250 -98.437500 109.375000 -98.437500 109.375000 -103.906250 103.906250 -103.906250
98.437500 -98.437500 103.906250 -98.437500 103.906250 -103.906250 98.437500 -103.906250
103.906250 -103.906250 109.375000 -103.906250 109.375000 -109.375000 103.906250 -109.375000
106.640625 -103.906250 109.375000 -103.906250 109.375000 -106.640625 106.640625 -106.640625
103.906250 -103.906250 106.640625 -103.906250 106.640625 -106.640625 103.906250 -106.640625
106.640625 -106.640625 109.375000 -106.640625 109.375000 -109.375000 106.640625 -109.375000
103.906250 -106.640625 106.640625 -106.640625 106.640625 -109.375000 103.906250 -109.375000
98.437500 -103.906250 103.906250 -103.906250 103.906250 -109.375000 98.437500 -109.375000
87.500000 -98.437500 98.437500 -98.437500 98.437500 -109.375000 87.500000 -109.375000
109.375000 -109.375000 131.250000 -109.375000 131.250000 -131.250000 109.375000 -131.250000
87.500000 -109.375000 109.375000 -109.375000 109.375000 -131.250000 87.500000 -131.250000
98.437500 -109.375000 109.375000 -109.375000 109.375000 -120.312500 98.437500 -120.312500
103.906250 -109.375000 109.375000 -109.375000 109.375000 -114.843750 103.906250 -114.843750
98.437500 -109.375000 103.906250 -109.375000 103.906250 -114.843750 98.437500 -114.843750
103.906250 -114.843750 109.375000 -114.843750 109.375000 -120.312500 103.906250 -120.312500
98.437500 -114.843750 103.906250 -114.843750 103.906250 -120.312500 98.437500 -120.312500
87.500000 -109.375000 98.437500 -109.375000 98.437500 -120.312500 87.500000 -120.312500
98.437500 -120.312500 109.375000 -120.312500 109.375000 -131.250000 98.437500 -131.250000
103.906250 -120.312500 109.375000 -120.312500 109.375000 -125.781250 103.906250 -125.781250
98.437500 -120.312500 103.906250 -120.312500 103.906250 -125.781250 98.437500 -125.781250
103.906250 -125.781250 109.375000 -125.781250 109.375000 -131.250000 103.906250 -131.250000
98.437500 -125.781250 103.906250 -125.781250 103.906250 -131.250000 98.437500 -131.250000
87.500000 -120.312500 98.437500 -120.312500 98.437500 -131.250000 87.500000 -131.250000
131.250000 -131.250000 175.000000 -131.250000 175.000000 -175.000000 131.250000 -175.000000
87.500000 -131.250000 131.250000 -131.250000 131.250000 -175.000000 87.500000 -175.000000
109.375000 -131.250000 131.250000 -131.250000 131.250000 -153.125000 109.375000 -153.125000
87.500000 -131.250000 109.375000 -131.250000 109.375000 -153.125000 87.500000 -153.125000
109.375000 -153.125000 131.250000 -153.125000 131.250000 -175.000000 109.375000 -175.000000
120.312500 -153.125000 131.250000 -153.125000 131.250000 -164.062500 120.312500 -164.062500
109.375000 -153.125000 120.312500 -153.125000 120.312500 -164.062500 109.375000 -164.062500
120.312500 -164.062500 131.250000 -164.062500 131.250000 -175.000000 120.312500 -175.000000
109.375000 -164.062500 120.312500 -164.062500 120.312500 -175.000000 109.375000 -175.000000
87.500000 -153.125000 109.375000 -153.125000 109.375000 -175.000000 87.500000 -175.000000
0.000000 -87.500000 87.500000 -87.500000 87.500000 -175.000000 0.000000 -175.000000
175.000000 -175.000000 350.000000 -175.000000 350.000000 -350.000000 175.000000 -350.000000
0.000000 -175.000000 175.000000 -175.000000 175.000000 -350.000000 0.000000 -350.000000
87.500000 -175.000000 175.000000 -175.000000 175.000000 -262.500000 87.500000 -262.500000
131.250000 -175.000000 175.000000 -175.000000 175.000000 -218.750000 131.250000 -218.750000
87.500000 -175.000000 131.250000 -175.000000 131.250000 -218.750000 87.500000 -218.750000
109.375000 -175.000000 131.250000 -175.000000 131.250000 -196.875000 109.375000 -196.875000
120.312500 -175.000000 131.250000 -175.000000 131.250000 -185.937500 120.312500 -185.937500
109.375000 -175.000000 120.312500 -175.000000 120.312500 -185.937500 109.375000 -185.937500
120.312500 -185.937500 131.250000 -185.937500 131.250000 -196.875000 120.312500 -196.875000
109.375000 -185.937500 120.312500 -185.937500 120.312500 -196.875000 109.375000 -196.875000
87.500000 -175.000000 109.375000 -175.000000 109.375000 -196.875000 87.500000 -196.875000
109.375000 -196.875000 131.250000 -196.875000 131.250000 -218.750000 109.375000 -218.750000
87.500000 -196.875000 109.375000 -196.875000 109.375000 -218.750000 87.500000 -218.750000
131.250000 -218.750000 175.000000 -218.750000 175.000000 -262.500000 131.250000 -262.500000
153.125000 -218.750000 175.000000 -218.750000 175.000000 -240.625000 153.125000 -240.625000
131.250000 -218.750000 153.125000 -218.750000 153.125000 -240.625000 131.250000 -240.625000
153.125000 -240.625000 175.000000 -240.625000 175.000000 -262.500000 153.125000 -262.500000
131.250000 -240.625000 153.125000 -240.625000 153.125000 -262.500000 131.250000 -262.500000
87.500000 -218.750000 131.250000 -218.750000 131.250000 -262.500000 87.500000 -262.500000
0.000000 -175.000000 87.500000 -175.000000 87.500000 -262.500000 0.000000 -262.500000
87.500000 -262.500000 175.000000 -262.500000 175.000000 -350.000000 87.500000 -350.000000
131.250000 -262.500000 175.000000 -262.500000 175.000000 -306.250000 131.250000 -306.250000
153.125000 -262.500000 175.000000 -262.500000 175.000000 -284.375000 153.125000 -284.375000
131.250000 -262.500000 153.125000 -262.500000 153.125000 -284.375000 131.250000 -284.375000
153.125000 -284.375000 175.000000 -284.375000 175.000000 -306.250000 153.125000 -306.250000
131.250000 -284.375000 153.125000 -284.375000 153.125000 -306.250000 131.250000 -306.250000
87.500000 -262.500000 131.250000 -262.500000 131.250000 -306.250000 87.500000 -306.250000
131.250000 -306.250000 175.000000 -306.250000 175.000000 -350.000000 131.250000 -350.000000
153.125000 -306.250000 175.000000 -306.250000 175.000000 -328.125000 153.125000 -328.125000
131.250000 -306.250000 153.125000 -306.250000 153.125000 -328.125000 131.250000 -328.125000
153.125000 -328.125000 175.000000 -328.125000 175.000000 -350.000000 153.125000 -350.000000
131.250000 -328.125000 153.125000 -328.125000 153.125000 -350.000000 131.250000 -350.000000
87.500000 -306.250000 131.250000 -306.250000 131.250000 -350.000000 87.500000 -350.000000
0.000000 -262.500000 87.500000 -262.500000 87.500000 -350.000000 0.000000 -350.000000
350.000000 -350.000000 700.000000 -350.000000 700.000000 -700.000000 350.000000 -700.000000
0.000000 -350.000000 350.000000 -350.000000 350.000000 -700.000000 0.000000 -700.000000
175.000000 -350.000000 350.000000 -350.000000 350.000000 -525.000000 175.000000 -525.000000
0.000000 -350.000000 175.000000 -350.000000 175.000000 -525.000000 0.000000 -525.000000
87.500000 -350.000000 175.000000 -350.000000 175.000000 -437.500000 87.500000 -437.500000
131.250000 -350.000000 175.000000 -350.000000 175.000000 -393.750000 131.250000 -393.750000
153.125000 -350.000000 175.000000 -350.000000 175.000000 -371.875000 153.125000 -371.875000
131.250000 -350.000000 153.125000 -350.000000 153.125000 -371.875000 131.250000 -371.875000
153.125000 -371.875000 175.000000 -371.875000 175.000000 -393.750000 153.125000 -393.750000
131.250000 -371.875000 153.125000 -371.875000 153.125000 -393.750000 131.250000 -393.750000
87.500000 -350.000000 131.250000 -350.000000 131.250000 -393.750000 87.500000 -393.750000
131.250000 -393.750000 175.000000 -393.750000 175.000000 -437.500000 131.250000 -437.500000
153.125000 -393.750000 175.000000 -393.750000 175.000000 -415.625000 153.125000 -415.625000
131.250000 -393.750000 153.125000 -393.750000 153.125000 -415.625000 131.250000 -415.625000
153.125000 -415.625000 175.000000 -415.625000 175.000000 -437.500000 153.125000 -437.500000
131.250000 -415.625000 153.125000 -415.625000 153.125000 -437.500000 131.250000 -437.500000
87.500000 -393.750000 131.250000 -393.750000 131.250000 -437.500000 87.500000 -437.500000
0.000000 -350.000000 87.500000 -350.000000 87.500000 -437.500000 0.000000 -437.500000
87.500000 -437.500000 175.000000 -437.500000 175.000000 -525.000000 87.500000 -525.000000
131.250000 -437.500000 175.000000 -437.500000 175.000000 -481.250000 131.250000 -481.250000
153.125000 -437.500000 175.000000 -437.500000 175.000000 -459.375000 153.125000 -459.375000
131.250000 -437.500000 153.125000 -437.500000 153.125000 -459.375000 131.250000 -459.375000
153.125000 -459.375000 175.000000 -459.375000 175.000000 -481.250000 153.125000 -481.250000
131.250000 -459.375000 153.125000 -459.375000 153.125000 -481.250000 131.250000 -481.250000
87.500000 -437.500000 131.250000 -437.500000 131.250000 -481.250000 87.500000 -481.250000
131.250000 -481.250000 175.000000 -481.250000 175.000000 -525.000000 131.250000 -525.000000
153.125000 -481.250000 175.000000 -481.250000 175.000000 -503.125000 153.125000 -503.125000
131.250000 -481.250000 153.125000 -481.250000 153.125000 -503.125000 131.250000 -503.125000
153.125000 -503.125000 175.000000 -503.125000 175.000000 -525.000000 153.125000 -525.000000
131.250000 -503.125000 153.125000 -503.125000 153.125000 -525.000000 131.250000 -525.000000
87.500000 -481.250000 131.250000 -481.250000 131.250000 -525.000000 87.500000 -525.000000
0.000000 -437.500000 87.500000 -437.500000 87.500000 -525.000000 0.000000 -525.000000
175.000000 -525.000000 350.000000 -525.000000 350.000000 -700.000000 175.000000 -700.000000
0.000000 -525.000000 175.000000 -525.000000 175.000000 -700.000000 0.000000 -700.000000
87.500000 -525.000000 175.000000 -525.000000 175.000000 -612.500000 87.500000 -612.500000
131.250000 -525.000000 175.000000 -525.000000 175.000000 -568.750000 131.250000 -568.750000
87.500000 -525.000000 131.250000 -525.000000 131.250000 -568.750000 87.500000 -568.750000
109.375000 -525.000000 131.250000 -525.000000 131.250000 -546.875000 109.375000 -546.875000
87.500000 -525.000000 109.375000 -525.000000 109.375000 -546.875000 87.500000 -546.875000
109.375000 -546.875000 131.250000 -546.875000 131.250000 -568.750000 109.375000 -568.750000
87.500000 -546.875000 109.375000 -546.875000 109.375000 -568.750000 87.500000 -568.750000
131.250000 -568.750000 175.000000 -568.750000 175.000000 -612.500000 131.250000 -612.500000
87.500000 -568.750000 131.250000 -568.750000 131.250000 -612.500000 87.500000 -612.500000
109.375000 -568.750000 131.250000 -568.750000 131.250000 -590.625000 109.375000 -590.625000
87.500000 -568.750000 109.375000 -568.750000 109.375000 -590.625000 87.500000 -590.625000
109.375000 -590.625000 131.250000 -590.625000 131.250000 -612.500000 109.375000 -612.500000
87.500000 -590.625000 109.375000 -590.625000 109.375000 -612.500000 87.500000 -612.500000
0.000000 -525.000000 87.500000 -525.000000 87.500000 -612.500000 0.000000 -612.500000
87.500000 -612.500000 175.000000 -612.500000 175.000000 -700.000000 87.500000 -700.000000
0.000000 -612.500000 87.500000 -612.500000 87.500000 -700.000000 0.000000 -700.000000
43.750000 -612.500000 87.500000 -612.500000 87.500000 -656.250000 43.750000 -656.250000
65.625000 -612.500000 87.500000 -612.500000 87.500000 -634.375000 65.625000 -634.375000
43.750000 -612.500000 65.625000 -612.500000 65.625000 -634.375000 43.750000 -634.375000
65.625000 -634.375000 87.500000 -634.375000 87.500000 -656.250000 65.625000 -656.250000
43.750000 -634.375000 65.625000 -634.375000 65.625000 -656.250000 43.750000 -656.250000
0.000000 -612.500000 43.750000 -612.500000 43.750000 -656.250000 0.000000 -656.250000
21.875000 -612.500000 43.750000 -612.500000 43.750000 -634.375000 21.875000 -634.375000
0.000000 -612.500000 21.875000 -612.500000 21.875000 -634.375000 0.000000 -634.375000
21.875000 -634.375000 43.750000 -634.375000 43.750000 -656.250000 21.875000 -656.250000
32.812500 -634.375000 43.750000 -634.375000 43.750000 -645.312500 32.812500 -645.312500
21.875000 -634.375000 32.812500 -634.375000 32.812500 -645.312500 21.875000 -645.312500
32.812500 -645.312500 43.750000 -645.312500 43.750000 -656.250000 32.812500 -656.250000
21.875000 -645.312500 32.812500 -645.312500 32.812500 -656.250000 21.875000 -656.250000
0.000000 -634.375000 21.875000 -634.375000 21.875000 -656.250000 0.000000 -656.250000
10.937500 -634.375000 21.875000 -634.375000 21.875000 -645.312500 10.937500 -645.312500
0.000000 -634.375000 10.937500 -634.375000 10.937500 -645.312500 0.000000 -645.312500
10.937500 -645.312500 21.875000 -645.312500 21.875000 -656.250000 10.937500 -656.250000
0.000000 -645.312500 10.937500 -645.312500 10.937500 -656.250000 0.000000 -656.250000
43.750000 -656.250000 87.500000 -656.250000 87.500000 -700.000000 43.750000 -700.000000
0.000000 -656.250000 43.750000 -656.250000 43.750000 -700.000000 0.000000 -700.000000
-700.000000 0.000000 0.000000 0.000000 0.000000 -700.000000 -700.000000 -700.000000
-350.000000 0.000000 0.000000 0.000000 0.000000 -350.000000 -350.000000 -350.000000
-175.000000 0.000000 0.000000 0.000000 0.000000 -175.000000 -175.000000 -175.000000
-87.500000 0.000000 0.000000 0.000000 0.000000 -87.500000 -87.500000 -87.500000
-175.000000 0.000000 -87.500000 0.000000 -87.500000 -87.500000 -175.000000 -87.500000
-87.500000 -87.500000 0.000000 -87.500000 0.000000 -175.000000 -87.500000 -175.000000
-175.000000 -87.500000 -87.500000 -87.500000 -87.500000 -175.000000 -175.000000 -175.000000
-131.250000 -87.500000 -87.500000 -87.500000 -87.500000 -131.250000 -131.250000 -131.250000
-109.375000 -87.500000 -87.500000 -87.500000 -87.500000 -109.375000 -109.375000 -109.375000
-98.437500 -87.500000 -87.500000 -87.500000 -87.500000 -98.437500 -98.437500 -98.437500
-109.375000 -87.500000 -98.437500 -87.500000 -98.437500 -98.437500 -109.375000 -98.437500
-98.437500 -98.437500 -87.500000 -98.437500 -87.500000 -109.375000 -98.437500 -109.375000
-109.375000 -98.437500 -98.437500 -98.437500 -98.437500 -109.375000 -109.375000 -109.375000
-103.906250 -98.437500 -98.437500 -98.437500 -98.437500 -103.906250 -103.906250 -103.906250
-109.375000 -98.437500 -103.906250 -98.437500 -103.906250 -103.906250 -109.375000 -103.906250
-103.906250 -103.906250 -98.437500 -103.906250 -98.437500 -109.375000 -103.906250 -109.375000
-109.375000 -103.906250 -103.906250 -103.906250 -103.906250 -109.375000 -109.375000 -109.375000
-106.640625 -103.906250 -103.906250 -103.906250 -103.906250 -106.640625 -106.640625 -106.640625
-109.375000 -103.906250 -106.640625 -103.906250 -106.640625 -106.640625 -109.375000 -106.640625
-106.640625 -106.640625 -103.906250 -106.640625 -103.906250 -109.375000 -106.640625 -109.375000
-109.375000 -106.640625 -106.640625 -106.640625 -106.640625 -109.375000 -109.375000 -109.375000
-131.250000 -87.500000 -109.375000 -87.500000 -109.375000 -109.375000 -131.250000 -109.375000
-120.312500 -87.500000 -109.375000 -87.500000 -109.375000 -98.437500 -120.312500 -98.437500
-131.250000 -87.500000 -120.312500 -87.500000 -120.312500 -98.437500 -131.250000 -98.437500
-120.312500 -98.437500 -109.375000 -98.437500 -109.375000 -109.375000 -120.312500 -109.375000
-114.843750 -98.437500 -109.375000 -98.437500 -109.375000 -103.906250 -114.843750 -103.906250
-120.312500 -98.437500 -114.843750 -98.437500 -114.843750 -103.906250 -120.312500 -103.906250
-114.843750 -103.906250 -109.375000 -103.906250 -109.375000 -109.375000 -114.843750 -109.375000
-120.312500 -103.906250 -114.843750 -103.906250 -114.843750 -109.375000 -120.312500 -109.375000
-131.250000 -98.437500 -120.312500 -98.437500 -120.312500 -109.375000 -131.250000 -109.375000
-125.781250 -98.437500 -120.312500 -98.437500 -120.312500 -103.906250 -125.781250 -103.906250
-131.250000 -98.437500 -125.781250 -98.437500 -125.781250 -103.906250 -131.250000 -103.906250
-125.781250 -103.906250 -120.312500 -103.906250 -120.312500 -109.375000 -125.781250 -109.375000
-131.250000 -103.906250 -125.781250 -103.906250 -125.781250 -109.375000 -131.250000 -109.375000
-109.375000 -109.375000 -87.500000 -109.375000 -87.500000 -131.250000 -109.375000 -131.250000
-98.437500 -109.375000 -87.500000 -109.375000 -87.500000 -120.312500 -98.437500 -120.312500
-109.375000 -109.375000 -98.437500 -109.375000 -98.437500 -120.312500 -109.375000 -120.312500
-103.906250 -109.375000 -98.437500 -109.375000 -98.437500 -114.843750 -103.906250 -114.843750
-109.375000 -109.375000 -103.906250 -109.375000 -103.906250 -114.843750 -109.375000 -114.843750
-103.906250 -114.843750 -98.437500 -114.843750 -98.437500 -120.312500 -103.906250 -120.312500
-109.375000 -114.843750 -103.906250 -114.843750 -103.906250 -120.312500 -109.375000 -120.312500
-98.437500 -120.312500 -87.500000 -120.312500 -87.500000 -131.250000 -98.437500 -131.250000
-109.375000 -120.312500 -98.437500 -120.312500 -98.437500 -131.250000 -109.375000 -131.250000
-103.906250 -120.312500 -98.437500 -120.312500 -98.437500 -125.781250 -103.906250 -125.781250
-109.375000 -120.312500 -103.906250 -120.312500 -103.906250 -125.781250 -109.375000 -125.781250
-103.906250 -125.781250 -98.437500 -125.781250 -98.437500 -131.250000 -103.906250 -131.250000
-109.375000 -125.781250 -103.906250 -125.781250 -103.906250 -131.250000 -109.375000 -131.250000
-131.250000 -109.375000 -109.375000 -109.375000 -109.375000 -131.250000 -131.250000 -131.250000
-175.000000 -87.500000 -131.250000 -87.500000 -131.250000 -131.250000 -175.000000 -131.250000
-153.125000 -87.500000 -131.250000 -87.500000 -131.250000 -109.375000 -153.125000 -109.375000
-175.000000 -87.500000 -153.125000 -87.500000 -153.125000 -109.375000 -175.000000 -109.375000
-153.125000 -109.375000 -131.250000 -109.375000 -131.250000 -131.250000 -153.125000 -131.250000
-175.000000 -109.375000 -153.125000 -109.375000 -153.125000 -131.250000 -175.000000 -131.250000
-164.062500 -109.375000 -153.125000 -109.375000 -153.125000 -120.312500 -164.062500 -120.312500
-175.000000 -109.375000 -164.062500 -109.375000 -164.062500 -120.312500 -175.000000 -120.312500
-164.062500 -120.312500 -153.125000 -120.312500 -153.125000 -131.250000 -164.062500 -131.250000
-175.000000 -120.312500 -164.062500 -120.312500 -164.062500 -131.250000 -175.000000 -131.250000
-131.250000 -131.250000 -87.500000 -131.250000 -87.500000 -175.000000 -131.250000 -175.000000
-109.375000 -131.250000 -87.500000 -131.250000 -87.500000 -153.125000 -109.375000 -153.125000
-131.250000 -131.250000 -109.375000 -131.250000 -109.375000 -153.125000 -131.250000 -153.125000
-109.375000 -153.125000 -87.500000 -153.125000 -87.500000 -175.000000 -109.375000 -175.000000
-131.250000 -153.125000 -109.375000 -153.125000 -109.375000 -175.000000 -131.250000 -175.000000
-120.312500 -153.125000 -109.375000 -153.125000 -109.375000 -164.062500 -120.312500 -164.062500
-131.250000 -153.125000 -120.312500 -153.125000 -120.312500 -164.062500 -131.250000 -164.062500
-120.312500 -164.062500 -109.375000 -164.062500 -109.375000 -175.000000 -120.312500 -175.000000
-131.250000 -164.062500 -120.312500 -164.062500 -120.312500 -175.000000 -131.250000 -175.000000
-175.000000 -131.250000 -131.250000 -131.250000 -131.250000 -175.000000 -175.000000 -175.000000
-350.000000 0.000000 -175.000000 0.000000 -175.000000 -175.000000 -350.000000 -175.000000
-262.500000 0.000000 -175.000000 0.000000 -175.000000 -87.500000 -262.500000 -87.500000
-350.000000 0.000000 -262.500000 0.000000 -262.500000 -87.500000 -350.000000 -87.500000
-262.500000 -87.500000 -175.000000 -87.500000 -175.000000 -175.000000 -262.500000 -175.000000
-218.750000 -87.500000 -175.000000 -87.500000 -175.000000 -131.250000 -218.750000 -131.250000
-196.875000 -87.500000 -175.000000 -87.500000 -175.000000 -109.375000 -196.875000 -109.375000
-218.750000 -87.500000 -196.875000 -87.500000 -196.875000 -109.375000 -218.750000 -109.375000
-196.875000 -109.375000 -175.000000 -109.375000 -175.000000 -131.250000 -196.875000 -131.250000
-185.937500 -109.375000 -175.000000 -109.375000 -175.000000 -120.312500 -185.937500 -120.312500
-196.875000 -109.375000 -185.937500 -109.375000 -185.937500 -120.312500 -196.875000 -120.312500
-185.937500 -120.312500 -175.000000 -120.312500 -175.000000 -131.250000 -185.937500 -131.250000
-196.875000 -120.312500 -185.937500 -120.312500 -185.937500 -131.250000 -196.875000 -131.250000
-218.750000 -109.375000 -196.875000 -109.375000 -196.875000 -131.250000 -218.750000 -131.250000
-262.500000 -87.500000 -218.750000 -87.500000 -218.750000 -131.250000 -262.500000 -131.250000
-218.750000 -131.250000 -175.000000 -131.250000 -175.000000 -175.000000 -218.750000 -175.000000
-262.500000 -131.250000 -218.750000 -131.250000 -218.750000 -175.000000 -262.500000 -175.000000
-240.625000 -131.250000 -218.750000 -131.250000 -218.750000 -153.125000 -240.625000 -153.125000
-262.500000 -131.250000 -240.625000 -131.250000 -240.625000 -153.125000 -262.500000 -153.125000
-240.625000 -153.125000 -218.750000 -153.125000 -218.750000 -175.000000 -240.625000 -175.000000
-262.500000 -153.125000 -240.625000 -153.125000 -240.625000 -175.000000 -262.500000 -175.000000
-350.000000 -87.500000 -262.500000 -87.500000 -262.500000 -175.000000 -350.000000 -175.000000
-306.250000 -87.500000 -262.500000 -87.500000 -262.500000 -131.250000 -306.250000 -131.250000
-350.000000 -87.500000 -306.250000 -87.500000 -306.250000 -131.250000 -350.000000 -131.250000
-306.250000 -131.250000 -262.500000 -131.250000 -262.500000 -175.000000 -306.250000 -175.000000
-284.375000 -131.250000 -262.500000 -131.250000 -262.500000 -153.125000 -284.375000 -153.125000
-306.250000 -131.250000 -284.375000 -131.250000 -284.375000 -153.125000 -306.250000 -153.125000
-284.375000 -153.125000 -262.500000 -153.125000 -262.500000 -175.000000 -284.375000 -175.000000
-306.250000 -153.125000 -284.375000 -153.125000 -284.375000 -175.000000 -306.250000 -175.000000
-350.000000 -131.250000 -306.250000 -131.250000 -306.250000 -175.000000 -350.000000 -175.000000
-328.125000 -131.250000 -306.250000 -131.250000 -306.250000 -153.125000 -328.125000 -153.125000
-350.000000 -131.250000 -328.125000 -131.250000 -328.125000 -153.125000 -350.000000 -153.125000
-328.125000 -153.125000 -306.250000 -153.125000 -306.250000 -175.000000 -328.125000 -175.000000
-350.000000 -153.125000 -328.125000 -153.125000 -328.125000 -175.000000 -350.000000 -175.000000
-175.000000 -175.000000 0.000000 -175.000000 0.000000 -350.000000 -175.000000 -350.000000
-87.500000 -175.000000 0.000000 -175.000000 0.000000 -262.500000 -87.500000 -262.500000
-175.000000 -175.000000 -87.500000 -175.000000 -87.500000 -262.500000 -175.000000 -262.500000
-131.250000 -175.000000 -87.500000 -175.000000 -87.500000 -218.750000 -131.250000 -218.750000
-109.375000 -175.000000 -87.500000 -175.000000 -87.500000 -196.875000 -109.375000 -196.875000
-131.250000 -175.000000 -109.375000 -175.000000 -109.375000 -196.875000 -131.250000 -196.875000
-120.312500 -175.000000 -109.375000 -175.000000 -109.375000 -185.937500 -120.312500 -185.937500
-131.250000 -175.000000 -120.312500 -175.000000 -120.312500 -185.937500 -131.250000 -185.937500
-120.312500 -185.937500 -109.375000 -185.937500 -109.375000 -196.875000 -120.312500 -196.875000
-131.250000 -185.937500 -120.312500 -185.937500 -120.312500 -196.875000 -131.250000 -196.875000
-109.375000 -196.875000 -87.500000 -196.875000 -87.500000 -218.750000 -109.375000 -218.750000
-131.250000 -196.875000 -109.375000 -196.875000 -109.375000 -218.750000 -131.250000 -218.750000
-175.000000 -175.000000 -131.250000 -175.000000 -131.250000 -218.750000 -175.000000 -218.750000
-131.250000 -218.750000 -87.500000 -218.750000 -87.500000 -262.500000 -131.250000 -262.500000
-175.000000 -218.750000 -131.250000 -218.750000 -131.250000 -262.500000 -175.000000 -262.500000
-153.125000 -218.750000 -131.250000 -218.750000 -131.250000 -240.625000 -153.125000 -240.625000
-175.000000 -218.750000 -153.125000 -218.750000 -153.125000 -240.625000 -175.000000 -240.625000
-153.125000 -240.625000 -131.250000 -240.625000 -131.250000 -262.500000 -153.125000 -262.500000
-175.000000 -240.625000 -153.125000 -240.625000 -153.125000 -262.500000 -175.000000 -262.500000
-87.500000 -262.500000 0.000000 -262.500000 0.000000 -350.000000 -87.500000 -350.000000
-175.000000 -262.500000 -87.500000 -262.500000 -87.500000 -350.000000 -175.000000 -350.000000
-131.250000 -262.500000 -87.500000 -262.500000 -87.500000 -306.250000 -131.250000 -306.250000
-175.000000 -262.500000 -131.250000 -262.500000 -131.250000 -306.250000 -175.000000 -306.250000
-153.125000 -262.500000 -131.250000 -262.500000 -131.250000 -284.375000 -153.125000 -284.375000
-175.000000 -262.500000 -153.125000 -262.500000 -153.125000 -284.375000 -175.000000 -284.375000
-153.125000 -284.375000 -131.250000 -284.375000 -131.250000 -306.250000 -153.125000 -306.250000
-175.000000 -284.375000 -153.125000 -284.375000 -153.125000 -306.250000 -175.000000 -306.250000
-131.250000 -306.250000 -87.500000 -306.250000 -87.500000 -350.000000 -131.250000 -350.000000
-175.000000 -306.250000 -131.250000 -306.250000 -131.250000 -350.000000 -175.000000 -350.000000
-153.125000 -306.250000 -131.250000 -306.250000 -131.250000 -328.125000 -153.125000 -328.125000
-175.000000 -306.250000 -153.125000 -306.250000 -153.125000 -328.125000 -175.000000 -328.125000
-153.125000 -328.125000 -131.250000 -328.125000 -131.250000 -350.000000 -153.125000 -350.000000
-175.000000 -328.125000 -153.125000 -328.125000 -153.125000 -350.000000 -175.000000 -350.000000
-350.000000 -175.000000 -175.000000 -175.000000 -175.000000 -350.000000 -350.000000 -350.000000
-700.000000 0.000000 -350.000000 0.000000 -350.000000 -350.000000 -700.000000 -350.000000
-525.000000 0.000000 -350.000000 0.000000 -350.000000 -175.000000 -525.000000 -175.000000
-437.500000 0.000000 -350.000000 0.000000 -350.000000 -87.500000 -437.500000 -87.500000
-525.000000 0.000000 -437.500000 0.000000 -437.500000 -87.500000 -525.000000 -87.500000
-437.500000 -87.500000 -350.000000 -87.500000 -350.000000 -175.000000 -437.500000 -175.000000
-393.750000 -87.500000 -350.000000 -87.500000 -350.000000 -131.250000 -393.750000 -131.250000
-437.500000 -87.500000 -393.750000 -87.500000 -393.750000 -131.250000 -437.500000 -131.250000
-393.750000 -131.250000 -350.000000 -131.250000 -350.000000 -175.000000 -393.750000 -175.000000
-371.875000 -131.250000 -350.000000 -131.250000 -350.000000 -153.125000 -371.875000 -153.125000
-393.750000 -131.250000 -371.875000 -131.250000 -371.875000 -153.125000 -393.750000 -153.125000
-371.875000 -153.125000 -350.000000 -153.125000 -350.000000 -175.000000 -371.875000 -175.000000
-393.750000 -153.125000 -371.875000 -153.125000 -371.875000 -175.000000 -393.750000 -175.000000
-437.500000 -131.250000 -393.750000 -131.250000 -393.750000 -175.000000 -437.500000 -175.000000
-415.625000 -131.250000 -393.750000 -131.250000 -393.750000 -153.125000 -415.625000 -153.125000
-437.500000 -131.250000 -415.625000 -131.250000 -415.625000 -153.125000 -437.500000 -153.125000
-415.625000 -153.125000 -393.750000 -153.125000 -393.750000 -175.000000 -415.625000 -175.000000
-437.500000 -153.125000 -415.625000 -153.125000 -415.625000 -175.000000 -437.500000 -175.000000
-525.000000 -87.500000 -437.500000 -87.500000 -437.500000 -175.000000 -525.000000 -175.000000
-481.250000 -87.500000 -437.500000 -87.500000 -437.500000 -131.250000 -481.250000 -131.250000
-525.000000 -87.500000 -481.250000 -87.500000 -481.250000 -131.250000 -525.000000 -131.250000
-481.250000 -131.250000 -437.500000 -131.250000 -437.500000 -175.000000 -481.250000 -175.000000
-459.375000 -131.250000 -437.500000 -131.250000 -437.500000 -153.125000 -459.375000 -153.125000
-481.250000 -131.250000 -459.375000 -131.250000 -459.375000 -153.125000 -481.250000 -153.125000
-459.375000 -153.125000 -437.500000 -153.125000 -437.500000 -175.000000 -459.375000 -175.000000
-481.250000 -153.125000 -459.375000 -153.125000 -459.375000 -175.000000 -481.250000 -175.000000
-525.000000 -131.250000 -481.250000 -131.250000 -481.250000 -175.000000 -525.000000 -175.000000
-503.125000 -131.250000 -481.250000 -131.250000 -481.250000 -153.125000 -503.125000 -153.125000
-525.000000 -131.250000 -503.125000 -131.250000 -503.125000 -153.125000 -525.000000 -153.125000
-503.125000 -153.125000 -481.250000 -153.125000 -481.250000 -175.000000 -503.125000 -175.000000
-525.000000 -153.125000 -503.125000 -153.125000 -503.125000 -175.000000 -525.000000 -175.000000
-700.000000 0.000000 -525.000000 0.000000 -525.000000 -175.000000 -700.000000 -175.000000
-612.500000 0.000000 -525.000000 0.000000 -525.000000 -87.500000 -612.500000 -87.500000
-700.000000 0.000000 -612.500000 0.000000 -612.500000 -87.500000 -700.000000 -87.500000
-656.250000 0.000000 -612.500000 0.000000 -612.500000 -43.750000 -656.250000 -43.750000
-634.375000 0.000000 -612.500000 0.000000 -612.500000 -21.875000 -634.375000 -21.875000
-656.250000 0.000000 -634.375000 0.000000 -634.375000 -21.875000 -656.250000 -21.875000
-645.312500 0.000000 -634.375000 0.000000 -634.375000 -10.937500 -645.312500 -10.937500
-656.250000 0.000000 -645.312500 0.000000 -645.312500 -10.937500 -656.250000 -10.937500
-645.312500 -10.937500 -634.375000 -10.937500 -634.375000 -21.875000 -645.312500 -21.875000
-656.250000 -10.937500 -645.312500 -10.937500 -645.312500 -21.875000 -656.250000 -21.875000
-634.375000 -21.875000 -612.500000 -21.875000 -612.500000 -43.750000 -634.375000 -43.750000
-656.250000 -21.875000 -634.375000 -21.875000 -634.375000 -43.750000 -656.250000 -43.750000
-645.312500 -21.875000 -634.375000 -21.875000 -634.375000 -32.812500 -645.312500 -32.812500
-656.250000 -21.875000 -645.312500 -21.875000 -645.312500 -32.812500 -656.250000 -32.812500
-645.312500 -32.812500 -634.375000 -32.812500 -634.375000 -43.750000 -645.312500 -43.750000
-656.250000 -32.812500 -645.312500 -32.812500 -645.312500 -43.750000 -656.250000 -43.750000
-700.000000 0.000000 -656.250000 0.000000 -656.250000 -43.750000 -700.000000 -43.750000
-656.250000 -43.750000 -612.500000 -43.750000 -612.500000 -87.500000 -656.250000 -87.500000
-634.375000 -43.750000 -612.500000 -43.750000 -612.500000 -65.625000 -634.375000 -65.625000
-656.250000 -43.750000 -634.375000 -43.750000 -634.375000 -65.625000 -656.250000 -65.625000
-634.375000 -65.625000 -612.500000 -65.625000 -612.500000 -87.500000 -634.375000 -87.500000
-656.250000 -65.625000 -634.375000 -65.625000 -634.375000 -87.500000 -656.250000 -87.500000
-700.000000 -43.750000 -656.250000 -43.750000 -656.250000 -87.500000 -700.000000 -87.500000
-612.500000 -87.500000 -525.000000 -87.500000 -525.000000 -175.000000 -612.500000 -175.000000
-568.750000 -87.500000 -525.000000 -87.500000 -525.000000 -131.250000 -568.750000 -131.250000
-546.875000 -87.500000 -525.000000 -87.500000 -525.000000 -109.375000 -546.875000 -109.375000
-568.750000 -87.500000 -546.875000 -87.500000 -546.875000 -109.375000 -568.750000 -109.375000
-546.875000 -109.375000 -525.000000 -109.375000 -525.000000 -131.250000 -546.875000 -131.250000
-568.750000 -109.375000 -546.875000 -109.375000 -546.875000 -131.250000 -568.750000 -131.250000
-612.500000 -87.500000 -568.750000 -87.500000 -568.750000 -131.250000 -612.500000 -131.250000
-590.625000 -87.500000 -568.750000 -87.500000 -568.750000 -109.375000 -590.625000 -109.375000
-612.500000 -87.500000 -590.625000 -87.500000 -590.625000 -109.375000 -612.500000 -109.375000
-590.625000 -109.375000 -568.750000 -109.375000 -568.750000 -131.250000 -590.625000 -131.250000
-612.500000 -109.375000 -590.625000 -109.375000 -590.625000 -131.250000 -612.500000 -131.250000
-568.750000 -131.250000 -525.000000 -131.250000 -525.000000 -175.000000 -568.750000 -175.000000
-612.500000 -131.250000 -568.750000 -131.250000 -568.750000 -175.000000 -612.500000 -175.000000
-700.000000 -87.500000 -612.500000 -87.500000 -612.500000 -175.000000 -700.000000 -175.000000
-525.000000 -175.000000 -350.000000 -175.000000 -350.000000 -350.000000 -525.000000 -350.000000
-700.000000 -175.000000 -525.000000 -175.000000 -525.000000 -350.000000 -700.000000 -350.000000
-350.000000 -350.000000 0.000000 -350.000000 0.000000 -700.000000 -350.000000 -700.000000
-175.000000 -350.000000 0.000000 -350.000000 0.000000 -525.000000 -175.000000 -525.000000
-87.500000 -350.000000 0.000000 -350.000000 0.000000 -437.500000 -87.500000 -437.500000
-175.000000 -350.000000 -87.500000 -350.000000 -87.500000 -437.500000 -175.000000 -437.500000
-131.250000 -350.000000 -87.500000 -350.000000 -87.500000 -393.750000 -131.250000 -393.750000
-175.000000 -350.000000 -131.250000 -350.000000 -131.250000 -393.750000 -175.000000 -393.750000
-153.125000 -350.000000 -131.250000 -350.000000 -131.250000 -371.875000 -153.125000 -371.875000
-175.000000 -350.000000 -153.125000 -350.000000 -153.125000 -371.875000 -175.000000 -371.875000
-153.125000 -371.875000 -131.250000 -371.875000 -131.250000 -393.750000 -153.125000 -393.750000
-175.000000 -371.875000 -153.125000 -371.875000 -153.125000 -393.750000 -175.000000 -393.750000
-131.250000 -393.750000 -87.500000 -393.750000 -87.500000 -437.500000 -131.250000 -437.500000
-175.000000 -393.750000 -131.250000 -393.750000 -131.250000 -437.500000 -175.000000 -437.500000
-153.125000 -393.750000 -131.250000 -393.750000 -131.250000 -415.625000 -153.125000 -415.625000
-175.000000 -393.750000 -153.125000 -393.750000 -153.125000 -415.625000 -175.000000 -415.625000
-153.125000 -415.625000 -131.250000 -415.625000 -131.250000 -437.500000 -153.125000 -437.500000
-175.000000 -415.625000 -153.125000 -415.625000 -153.125000 -437.500000 -175.000000 -437.500000
-87.500000 -437.500000 0.000000 -437.500000 0.000000 -525.000000 -87.500000 -525.000000
-175.000000 -437.500000 -87.500000 -437.500000 -87.500000 -525.000000 -175.000000 -525.000000
-131.250000 -437.500000 -87.500000 -437.500000 -87.500000 -481.250000 -131.250000 -481.250000
-175.000000 -437.500000 -131.250000 -437.500000 -131.250000 -481.250000 -175.000000 -481.250000
-153.125000 -437.500000 -131.250000 -437.500000 -131.250000 -459.375000 -153.125000 -459.375000
-175.000000 -437.500000 -153.125000 -437.500000 -153.125000 -459.375000 -175.000000 -459.375000
-153.125000 -459.375000 -131.250000 -459.375000 -131.250000 -481.250000 -153.125000 -481.250000
-175.000000 -459.375000 -153.125000 -459.375000 -153.125000 -481.250000 -175.000000 -481.250000
-131.250000 -481.250000 -87.500000 -481.250000 -87.500000 -525.000000 -131.250000 -525.000000
-175.000000 -481.250000 -131.250000 -481.250000 -131.250000 -525.000000 -175.000000 -525.000000
-153.125000 -481.250000 -131.250000 -481.250000 -131.250000 -503.125000 -153.125000 -503.125000
-175.000000 -481.250000 -153.125000 -481.250000 -153.125000 -503.125000 -175.000000 -503.125000
-153.125000 -503.125000 -131.250000 -503.125000 -131.250000 -525.000000 -153.125000 -525.000000
-175.000000 -503.125000 -153.125000 -503.125000 -153.125000 -525.000000 -175.000000 -525.000000
-350.000000 -350.000000 -175.000000 -350.000000 -175.000000 -525.000000 -350.000000 -525.000000
-175.000000 -525.000000 0.000000 -525.000000 0.000000 -700.000000 -175.000000 -700.000000
-87.500000 -525.000000 0.000000 -525.000000 0.000000 -612.500000 -87.500000 -612.500000
-175.000000 -525.000000 -87.500000 -525.000000 -87.500000 -612.500000 -175.000000 -612.500000
-131.250000 -525.000000 -87.500000 -525.000000 -87.500000 -568.750000 -131.250000 -568.750000
-109.375000 -525.000000 -87.500000 -525.000000 -87.500000 -546.875000 -109.375000 -546.875000
-131.250000 -525.000000 -109.375000 -525.000000 -109.375000 -546.875000 -131.250000 -546.875000
-109.375000 -546.875000 -87.500000 -546.875000 -87.500000 -568.750000 -109.375000 -568.750000
-131.250000 -546.875000 -109.375000 -546.875000 -109.375000 -568.750000 -131.250000 -568.750000
-175.000000 -525.000000 -131.250000 -525.000000 -131.250000 -568.750000 -175.000000 -568.750000
-131.250000 -568.750000 -87.500000 -568.750000 -87.500000 -612.500000 -131.250000 -612.500000
-109.375000 -568.750000 -87.500000 -568.750000 -87.500000 -590.625000 -109.375000 -590.625000
-131.250000 -568.750000 -109.375000 -568.750000 -109.375000 -590.625000 -131.250000 -590.625000
-109.375000 -590.625000 -87.500000 -590.625000 -87.500000 -612.500000 -109.375000 -612.500000
-131.250000 -590.625000 -109.375000 -590.625000 -109.375000 -612.500000 -131.250000 -612.500000
-175.000000 -568.750000 -131.250000 -568.750000 -131.250000 -612.500000 -175.000000 -612.500000
-87.500000 -612.500000 0.000000 -612.500000 0.000000 -700.000000 -87.500000 -700.000000
-43.750000 -612.500000 0.000000 -612.500000 0.000000 -656.250000 -43.750000 -656.250000
-21.875000 -612.500000 0.000000 -612.500000 0.000000 -634.375000 -21.875000 -634.375000
-43.750000 -612.500000 -21.875000 -612.500000 -21.875000 -634.375000 -43.750000 -634.375000
-21.875000 -634.375000 0.000000 -634.375000 0.000000 -656.250000 -21.875000 -656.250000
-10.937500 -634.375000 0.000000 -634.375000 0.000000 -645.312500 -10.937500 -645.312500
-21.875000 -634.375000 -10.937500 -634.375000 -10.937500 -645.312500 -21.875000 -645.312500
-10.937500 -645.312500 0.000000 -645.312500 0.000000 -656.250000 -10.937500 -656.250000
-21.875000 -645.312500 -10.937500 -645.312500 -10.937500 -656.250000 -21.875000 -656.250000
-43.750000 -634.375000 -21.875000 -634.375000 -21.875000 -656.250000 -43.750000 -656.250000
-32.812500 -634.375000 -21.875000 -634.375000 -21.875000 -645.312500 -32.812500 -645.312500
-43.750000 -634.375000 -32.812500 -634.375000 -32.812500 -645.312500 -43.750000 -645.312500
-32.812500 -645.312500 -21.875000 -645.312500 -21.875000 -656.250000 -32.812500 -656.250000
-43.750000 -645.312500 -32.812500 -645.312500 -32.812500 -656.250000 -43.750000 -656.250000
-87.500000 -612.500000 -43.750000 -612.500000 -43.750000 -656.250000 -87.500000 -656.250000
-65.625000 -612.500000 -43.750000 -612.500000 -43.750000 -634.375000 -65.625000 -634.375000
-87.500000 -612.500000 -65.625000 -612.500000 -65.625000 -634.375000 -87.500000 -634.375000
-65.625000 -634.375000 -43.750000 -634.375000 -43.750000 -656.250000 -65.625000 -656.250000
-87.500000 -634.375000 -65.625000 -634.375000 -65.625000 -656.250000 -87.500000 -656.250000
-43.750000 -656.250000 0.000000 -656.250000 0.000000 -700.000000 -43.750000 -700.000000
-87.500000 -656.250000 -43.750000 -656.250000 -43.750000 -700.000000 -87.500000 -700.000000
-175.000000 -612.500000 -87.500000 -612.500000 -87.500000 -700.000000 -175.000000 -700.000000
-350.000000 -525.000000 -175.000000 -525.000000 -175.000000 -700.000000 -350.000000 -700.000000
-700.000000 -350.000000 -350.000000 -350.000000 -350.000000 -700.000000 -700.000000 -700.000000