182 124
244 144
66.5 178
98 186
290.5 237
277 127
417 80
376 46
50 64
60 34
64 36
246 105
159 69.5
50 104
22 129
106.5 217
114 257
129.5 255
127.5 242
244 157
150 114
280 168
300 211
260 236
303 239.5
316.5 239
310.5 236
367 140
339 131
277 107
261 69
277 86
354 65
354 60
50 61
50 103
37 112
72 56
71.5 49
51 38
150 91
176 70.5
181 90
150 92
72 104
71.5 110
88 125
150 113
182 119
182 132
182 134
150 126
56 133
82 115
78 115
38 112
31 112
11.5 115
13 128
60.5 143
61 148
89 145
89 180
67 171
60.5 188
55.5 197
54.5 199
83 214
110.5 250
109.5 248
104 236
106 189
110.5 235
114.5 244
109.5 249
120 259
132.5 247
126.5 245
141 234
128 225
127 215
130 185
132 185
149.5 173
183 170
244 159
243.5 195
280 171
196 203
184.5 200
183 196
204 203
213 203
201 264
241 264
261 236
270 235
299.5 228
287 234
311.5 234
313.5 231
337 230
337 229
360 207.5
300 227
300 218
299.5 187
339 155
360.5 160
371 194
369 133.5
375.5 128
376 124
349 115
368 134.5
367 146
339 139
277 153
183 149
182.5 137
277 133
277 123
277 118
354 101
277 102
246 104
260 69
276.5 73
354 97
366 33
354 68
354 87
410 91
411 91
415 73.5
376 45
50 74
50 75
50 79
50 85
50 91
50 92
30 112
40 112
42 112
44 112
50 107
50 105
50 68
72 98
49.5 108
72 91
72 73
72 71
72 51
51 54
51 52
51 41
64.5 37
70.5 46
71 48
72 74
150.5 74
72 90
150 85
150 84
150 82
162 69
165 69
177 71.5
181 82
178 71.5
150 88
150 93
182 105
182 106
182 109
182 110
182 111
182 114
181 102
150 100
150 98
150 101
150 109
150 111
86 115
150 116
150 117
150 118
150 135
150 134
150 123
182 115
182 123
182 125
182 129
150 139
150 140
150 141
183 146
183 148
183 160
183 163
150 151
150 162
150 161
150 159
89 155
89 158
150 163
150 165
67 164
67 162
66 159
57 133.5
64 157
65 158
88 129
88 124
88 122
80 115
88 119
88 120
47 129
42 128.5
41 128
40 128
11 118
10.5 123
10.5 126
30 128
31 128
33 128
44 129
20 129
19 129
17 128.5
89 172
65.5 180
61.5 187
100 186
89.5 185
89 181
103 186
104 186
128 186
127 192
127 194
106 188
106 196
106 199
127 200
106 204
106 205
66 207.5
63 206.5
62 206.5
61 206
54.5 198
54.5 202
58 205
60 205.5
69 208
73 209.5
106 208
106 210
88 214.5
78 213.5
89 218
90 229
99 235
107.5 245
103 235.5
108 229
107 222
110.5 251
116 258.5
118 259
123.5 250
118 249
124.5 249
115.5 245
114.5 243
111.5 237
127.5 218
127 214
127 211
127 210
128 223
128 224
128 231
169 236.5
162 235
140 235
134.5 240
133 245
132 248
173.5 260
173 258
135 238
182 264
185 264
186 264
198 264
203 264
208 264
225 264
224 264
177 262.5
173 246
176 262.5
210 263.5
220 203
225 203
232 202.5
230 202.5
191 202
223 203
217 203
189 202
186 201.5
183.5 199
135 185
144 185
183 193
183 190
148 177
142 185
137 185
150 172
150 168
150 167
183 176
183.5 177
183 181
183.5 185
183.5 184
183 175
183 168
280 164
243 171
243.5 172
280 177
280 170
280 167
280 182
283 185
287 185
300 188
300 194
288 185
300 195
300 197
300 205
300 206
300 207
300 209
300 221
300 215
300 214
242 200.5
238 202
237 202
300 222
277 234
280 234
284 234
286 234
266 235
259 236
255 243
255 253
236 264
254.5 252
255.5 240
256 239
262 235.5
292.5 242
293 243
294.5 246
297 251
294.5 247
293.5 245
304 240
291.5 240
289.5 235
300 235
300 226
300 225
300 223
316 205
316 209
316 217
316 224
316 226
314.5 230
319 235.5
316.5 240
313.5 244
321 235
323 235
331 235
338 217
338 218
337 228
339 215
347 213
350 212.5
356 208.5
355 209
354 209.5
358 208
363 206.5
365 206
370 204.5
372 203
373 201
373 200
368.5 190
369.5 191
369 205
316 202
316 196
316 192
316 191
332 186
335 186
366 186
339 180
339 179
317 186.5
339 176
339 173
339 171
339 165
339 170
360 174
362.5 181
362.5 180
360 169
360 168
364.5 155
365.5 154
360 163
366 151
367 145
367 141
375.5 127
376 120
376 117
352 115
372 132.5
367.5 135
350 115
348 115
347 115
339 120
339 135
277 137
277 143
277 144
339 142
339 147
339 159
277 146
277 148
277 154
277.5 149
277 147
245 129
245 130
277 135
244 163
244 161
244 156
244 155
244 153
244 146
245 126
245 123
245 116
245 111
245 110
245.5 108
246 106
277 110
277 112
277 117
277 108
277 106
277 105
277 104
354 100
354 96
354 94
354 76
354 79
354 81
246 102
246 100
246 96
277 91
277 80
278 77
275 71.5
252 70.5
247 75
256 69.5
263 69
273 70.5
361 37
355.5 47
354 54
375 37
361.5 36
362.5 35
369 33
376 47
376 51
376 57
376 58
376 59
376 62
376 64
376.5 69
376.5 94
376 103
376 102
376 99
376 95
384 92
390 92
392 92
400 91
401 91.5
405 91
417 86
417 78
416.5 75
385 73
390 73
397 73
406 73
51.5 36
51 37
51 39
51 44
51 43
51 40
51 45
51 46
51 47
51 48
51 49
51 51
51 57
51 53
50.5 56
50 58
50.5 59
50 60
50 65
50 63
50 62
50 66
50 67
50 69
50 70
50.5 71
50.5 73
50 76
50 77
50 78
50 80
50 81
50 82
50 83
50 88
50 87
50 86
50 84
50 101
50 102
50 106
50 100
50 99
50 98
50 97
50 96
50 95
50 94
50 93
50 90
50 89
51 55
72 55
72 57
72 58
72 59
72 62
72 68
50 72
72 75
72 88
72 84
72 77
72 107
72 108
72 109
72 100
72 96
72 69
72 67
72 66
72 65
72 64
72 63
72 61
72 60
72 54
72 53
72 52
69.5 45
70.5 47
71.5 50
69 44
68.5 43
51 50
51 42
67.5 41
66.5 40
67.5 42
54 34
53 34.5
52 35
55 33.5
56 34
57 33.5
58 34
59 34
61 34
66 39
65.5 38
63 35
62 34.5
72 70
72 72
72 76
72 78
72 79
72 80
72 81
72 82
72 83
150 83
150 81
150 80
150 77
150 78
150 79
150 76
150 75
151 73
154 70.5
153 71.5
152 72
155 70.5
156 70
157 70
158 70
160 69.5
161 69
163 69
164 69
166 69
167 69
168 69
169 69
170 69.5
175 70.5
173 70
172 70
171 69.5
180.5 74
181 75
181 76
181 77
181 78
181 79
181 83
181 81
181 80
174 70
179 72.5
180 73
181 84
181 85
181 86
150 94
181 89
181 88
181 87
181 91
181 92
181 93
181 94
181 95
181 96
181 97
181 98
181 99
181.5 104
182 107
182 108
181.5 103
181 101
181 100
150 96
150 99
150 102
150 105
150 108
150 107
150 106
150 104
150 103
150 97
150 95
150 90
150 89
150 86
150 87
72 94
72 97
72 87
72 86
72 85
72 89
72 92
72 93
72 95
72 99
72 101
72 102
72 103
72 105
72 106
77 115
79 115
81 115
85 115
84 115
83 115
87 115.5
87.5 116
88 117
88 127
88 126
88 118
88 130
88.5 131
89 133
89 135
88.5 134
88 132
150 128
150 125
88 128
88 123
88 121
150 120
150 110
150 112
150 115
150 119
150 122
150 121
182 112
182 113
182 116
182 117
182 118
182 120
182 121
182 122
182 126
182 127
182 128
182 130
182 131
182 133
150 129
150 127
150 124
150 130
150 131
150 132
150 133
150 137
150 138
150 142
183 140
182.5 136
182 135
183 138
182.5 139
182.5 141
183 142
183 143
183 144
183 145
183 147
183 150
183 151
183 152
183 153
183 155
183 154
150 145
150 147
150 148
150 149
150 153
150 155
150 154
89 154
89 148
150 152
150 150
150 146
150 144
150 143
150 136
89 141
89 142
89 144
89 138
89 137
89 136
89 139
89 140
89 143
89 146
89 147
89 149
89 150
89 151
89 152
89 153
62.5 155
61.5 154
61.5 153
61 150
61 151
61 152
61 149
61 147
61 146
60.5 142
61 145
61 144
59 134.5
58 133.5
53 132.5
52 132
54 133
55 133
60 139
60 140
60 141
60 138
60 137
60 136
59.5 135
51 131
50 130
49 129.5
74 115
75 115
76 115
73 115
72 114.5
71.5 114
48.5 110
71.5 111
71 112
71 113
47 111.5
48 111
49.5 109
46 112
45 112
43 112
39 112
39 128
41 112
48 129
46 129
45 129
43 128.5
36 112
35 112
34 112
29 112
32 112
33 112
28 112
27 112
26 112
25 112
24 112
23 112
22 112
21 112
20 112
19 112
18 112.5
17 112.5
14 113
15 113
16 113
13 113.5
12 114
11 116
11 117
11 119
10 124
10.5 125
10.5 122
11 121
11 120
11.5 127
24 128.5
26 128.5
38 128
37 128
34 128
29 128
32 128
35 128
36 128
28 128.5
27 128
25 128
23 128
21 128.5
18 128.5
16 128
15 128
14 128
12 127.5
63 156
66.5 160
67 161
67 163
67 167
67 168
64.5 182
63 184
62.5 185
63.5 183
65 181
66.5 179
67 175
67 176
67 177
89 178
67 174
89 174
67 173
67 172
67 170
67 169
67 166
67 165
89 165
89 156
89 157
89 159
89 162
89 161
89 160
89 163
89 164
89 166
89 167
89 168
89 169
89 170
89 171
89 173
102 186
97 186
95 186
91 186
89 177
89 176
89 175
89 179
89 182
89 183
89 184
93 186
94 186
96 186
99 186
101 186
105 186.5
105.5 187
106 190
127 190
106 191
106 192
106 193
106 194
106 195
106 197
127 203
127 207
106 198
106 202
106 201
106 200
106 203
106 206
106 207
106 209
75 211
74 210.5
72 209.5
68 208
70 208.5
71 208.5
67 207.5
92 186
90 185.5
61.5 186
60 189
65 207
64 207
58 192
58.5 191
59.5 190
57.5 193
56.5 194
56.5 195
54 200
54.5 201
55.5 196
59 205.5
57 204.5
56 204
55.5 203
76 212
77 212.5
80 214
81 214
82 214
85 214
106 211
106 212
106 213
106 214
87 214
86 214
88.5 215
106 215
106 216
106.5 218
107 223
89 216
89 220
89 219
89 217
84 214
79 213.5
89 221
89 222
89.5 223
89.5 224
90 225
90 226
90 227
90 228
90 230
90 231
90.5 232
92 234.5
93 235
91.5 234
90.5 233
94 235
105 238
105.5 239
106.5 241
105.5 240
104.5 237
97 235
96 235
95 235
98 235
100 235
101 235
102 235
108.5 247
116.5 247
117 248
119 250
111.5 253
111.5 252
112.5 254
112.5 255
113.5 256
117 259
119 259
115 258
121 259
122 259
123 259
124 259
125 259
126 258.5
121 251
120 250.5
122 251
123 250.5
124.5 248
125.5 247
125.5 246
115.5 246
113.5 242
112.5 239
112.5 240
113.5 241
108.5 246
107.5 244
107 243
106.5 242
110.5 234
111.5 236
112 238
107.5 227
107 226
107 225
107 224
107 221
107 220
107 219
107.5 228
108.5 230
109.5 233
109.5 232
108.5 231
127 212
128 230
128 232
128 233
139 234.5
128 234
142 234.5
143 234
144 234
145 234.5
158 235
152 235
150 235
155 235
156 235
157 235
154 235
153 235
151 235
149 235
148 235
147 235
146 234.5
138 235
137 235.5
128 235
128 236
128 237
128 238
128 239
128 240
127.5 241
127 243
126.5 244
127 258.5
128 257.5
128.5 257
129.5 256
130.5 254
131.5 251
131 252
130.5 253
131.5 250
132 249
132.5 246
133.5 243
134 242
133.5 244
134 241
134.5 239
135.5 237
136 236
173 255
173 256
173 257
175 261.5
174 261
173 259
178 263
179 263.5
180 263.5
181 264
183 264
184 264
187 264
188 264
189 264
190 264
191 264
192 264
195 264
194 264
193 264
196 264
197 264
199 264
200 264
173 254
173 253
173 252
173 249
173 250
173 251
173 248
173 247
173 245
172.5 242
172 241
173 244
172.5 243
165 235.5
160 235
159 235
161 235
163 235
164 235.5
166 236
167 236
168 236
172 240
171.5 239
171 238
170 237
202 203
201 202.5
199 202.5
195 203
197 203
198 203
194 203
193 202.5
200 203
192 202.5
190 202
188 202
183 189
183.5 188
183 187
183 191
183 192
183 194
183 195
183 197
183.5 198
187 201.5
185 200.5
127.5 219
128 221
128 229
128 228
128 227
128 220
128 222
128 226
127 217
127 216
127 213
127 209
127 208
127 206
127 205
127 204
127 202
127 201
127 199
127 198
127 197
127 193
127 195
127 196
127 191
127 189
127 188
127.5 187
146 184.5
145 185
147 184
143 185
141 185
140 185
139 185
138 185
136 185
129 185.5
131 185
133 185
134 185
147.5 183
148 182
148 181
148 180
148 179
148 178
149.5 174
148.5 175
148.5 176
150 169
150 166
150 164
150 158
150 156
150 157
183 158
183 161
183 165
150 160
183 166
150 170
150 171
184 186
183.5 183
183 182
183 174
183 172
183 173
183.5 180
183.5 179
183.5 178
183 171
183 169
183 167
183 164
183 162
183 159
183 157
183 156
244 162
244 164
244 168
243.5 169
244 176
243.5 170
243.5 182
243 183
243.5 184
243.5 181
244 180
244 178
244 177
244 179
243.5 185
244 175
244 174
243.5 173
244 167
244 166
244 165
244 160
277.5 158
278.5 160
277.5 159
279 161
279.5 162
280 163
280 169
280 166
280 165
280 172
280 173
280 174
280 175
280 176
280 178
280 179
296 185
297 185
298 185.5
295 185
294 185
293 185
292 185
286 185
282 184.5
280 180
280 181
280.5 183
281 184
244 186
244 187
244 188
244 190
244 189
284 185
285 185
289 185
290 185
300 190
299 186
291 185
244 191
243.5 192
300 193
300 199
244 196
244 197
243.5 198
243.5 194
243.5 193
243.5 199
242.5 200
241 201.5
240 201.5
233 202
229 202.5
228 202.5
222 203
224 203
226 202.5
239 202
236 202
235 202
234 202.5
231 202
227 203
221 203
219 203
218 203
216 203
207 202.5
206 202.5
215 203
211 203
212 203
214 203
209 203
208 202.5
205 202.5
203 203
210 203
211 263.5
214 264
250 262.5
251 262.5
252 261.5
254.5 248
254 249
254.5 250
255 255
254 260
253 261
247 263.5
248 263
249 263
219 264
218 264
217 264
216 264
215 263.5
213 263.5
212 263.5
209 263.5
207 264
206 264
202 264
204 264
205 264
222 264
221 264
220 264
223 264
226 264
227 264
228 264
229 264
230 264
231 264
232 264
233 264
234 264
235 264
237 264
238 264
242 264
240 264
239 264
243 264
244 264
245 264
246 263.5
255.5 241
255 242
255 244
255 245
255 246
254.5 247
254.5 251
254.5 254
255 256
254.5 259
255 258
255 257
295.5 248
295.5 249
296.5 250
300 254
299 253
298 252
293.5 244
292.5 241
291.5 239
256.5 238
257 237
258 236.5
291 238
300 236
290.5 236
275 234.5
274 235
273 235
272 235
271 235
269 235
268 235
263 235.5
264 235
265 235
267 235
279 234
278 234
276 234.5
281 234
282 234
283 234
285 234
288 234
289 234.5
300 234
300 232
300 231
300 229
300 208
300 210
300 212
300 217
300 216
300 213
316 208
316 210
316 212
316 215
316 216
300 219
316 223
316 225
315.5 227
315.5 228
314.5 229
313 232
311 235
312.5 233
300 220
300 224
299.5 230
300 233
300.5 237
301 238
302 239
305 240
308 252
307 239.5
306 240
301 254.5
302 255
303 255
304 254.5
305 254.5
306 253.5
307 253
310.5 249
310 250
309 251
311.5 248
312 247
312.5 246
315 242
314.5 243
313.5 245
308 239
309 238
309.5 237
315.5 241
316 222
320 235
322 235
326 235
325 235
324 235
318.5 236
317.5 237
317.5 238
327 235
328 235
329 235
330 235
332 235
333 235
334 234.5
335 234
336 233
336.5 232
337 231
337 227
337 226
337 225
337.5 224
337.5 223
345 213
341 213.5
340 214.5
338 220
338 221
338 222
338 219
316 221
316 220
316 219
316 218
316 214
338.5 216
343 213
342 213.5
316 213
316 211
344 213.5
346 213.5
351 212
348 213
349 213
352 211
353 210
357 208.5
359 207.5
371 204
368 205.5
367 205.5
372.5 202
373 199
373 198
372.5 197
372.5 196
371.5 195
368 189
369.5 192
370.5 193
330 186
329 186
325 186
322 186
320 186
319 186
318 186
366.5 187
367.5 188
366 206
364 206
362 206.5
361 207
316 207
316 206
316 204
316 200
316 201
316 203
300 204
300 203
300 202
300 201
300 200
316 199
316 198
316 197
300 198
300 196
300 192
300 191
300 189
316 193
316 194
316 195
316 190
316 189
316 188
316.5 187
337 185.5
338 185
338.5 184
336 186
334 186
333 186
331 186
328 186
327 186
321 186
323 186
324 186
326 186
339 183
339 182
339 181
339 178
339 177
339 174
339 168
339 169
339 172
339 166
339 163
339 162
339 158
339 160
339 161
360 162
360 164
360 166
339 164
339 167
360 167
339 175
360.5 176
360 175
360 172
360 171
361.5 178
361.5 179
363.5 182
365.5 185
364.5 184
364 183
360.5 177
360 173
360 170
360 165
360.5 161
361.5 159
362 158
366.5 149
367 148
370 133.5
367 143
367 144
367 147
367 142
367 139
366.5 150
367 138
367 137
367 136
374 131.5
373 132.5
371 133
374.5 131
375 130
375 129
376 123
376 125
376 126
376 122
376 121
376 119
376 118
376 116
376 115
376 114
376 113
376 98
380 92.5
396 91.5
394 92
393 92
385 92
379 93
378 93
377 93.5
376 100
376 97
376 96
376 101
376 104
376 105
376 106
376 107
376 108
376 109
376 110
376 111
376 112
354 113
354 111
354 110
354 108
354 107
354 105
354 104
354 103
354.5 92
354.5 93
354 95
354 99
354 106
354 102
354 98
354 109
354 112
353.5 114
346 115
351 115
353 114.5
345 115
344 115
343 115
342 115
339 124
339 125
339 126
339 129
339 128
339 127
339 130
340 116
341 115.5
339 132
339 133
339 134
339 136
339 137
339 140
366 152
365.5 153
364 156
363 157
339 145
339 143
339 141
339 146
339 148
339 149
339 150
339 157
339 156
339 154
339 153
339 152
339 151
277 150
339 144
339 138
277 132
277 134
277 138
277 136
277 131
277 130
277 139
277 140
277 141
277 142
277 145
277.5 151
277 152
277 155
277 156
277 157
244 158
244 154
244 152
244 149
244 150
244 151
244 148
244 147
244 145
244 143
244 142
244 141
244 140
244 139
244 138
244.5 137
244.5 136
245 135
245 134
245 131
245 132
245 133
277 129
245 128
277 128
245 127
245 125
277 116
277 115
245 121
245 122
245 124
245 120
245 119
245 118
245 117
245 115
245 114
245 113
245 112
245 109
245.5 107
246 103
246 101
246 97
246 98
246 99
277 113
246 95
246 94
246 93
277 94
277 95
277 96
277 97
277 98
277 99
277 100
277 103
277 111
277 126
277 125
277 124
277 114
277 120
277 121
277 122
339 123
339 122
339 121
339 119
339 118
277 119
277 109
277 101
277 93
339.5 117
354.5 91
354.5 90
354 88
354 86
354 85
354 83
354 82
354 80
354 78
354 74
354 75
354 77
277.5 78
277.5 76
354 73
277 74
277.5 75
278 79
277.5 81
277 83
354 84
354 89
277 87
277 89
277 92
277 90
277 88
277 85
277 84
246.5 84
246 87
246 92
246 91
246 90
246 89
246.5 88
246.5 86
246.5 85
246.5 83
246.5 82
246 81
246 80
246 79
246.5 78
247 74
247 76
246.5 77
277 82
247.5 73.5
248 72.5
276 72.5
354 72
354 71
274 71
272 70
271 70
270 69.5
251 70.5
250 71.5
249 72
253 70
254 70
255 69.5
259 69
258 69
257 69
262 69
264 69
265 69
266 69
267 69
268 69
354 70
269 69.5
354 69
354 56
354 51
354 52
354 53
354 55
354 57
354 58
354 59
354 61
354 62
354 67
354 66
354 64
354 63
355 48
354.5 49
354.5 50
355.5 46
356.5 45
356.5 44
358.5 41
358 42
357.5 43
359.5 40
359.5 39
360.5 38
363 34.5
365 33.5
367 33
364 33.5
368 33
370 33
371 33
372 33
373 33.5
374 34
374.5 35
375 36
375 38
375.5 41
376 42
376 43
376 44
376 48
376 49
376 53
376 52
376 50
375 39
375.5 40
376 54
376 55
376 56
376 60
376 61
376 63
376 65
376 66
376 67
376 68
376.5 70
378 72.5
379 73
377.5 72
377 71
380 73
381 92.5
382 92
383 92
386 92
387 92
383 73
382 73
381 73
384 73
386 73
387 73
388 73
397 91.5
398 91
399 91
407 91
406 91
404 91.5
388 92
389 92
391 92
395 92
402 91.5
403 91.5
408 91
409 91
412 91
413 90.5
414 90
415 89
416 88
416.5 87
417 85
417 84
417 83
417 82
417 81
417 79
417 77
417 76
416 74
413 73
412 73
408 73
407 73
405 73
403 73
389 73
391 73
392 73
398 73
395 73
394 73
393 73
396 73
399 73
400 73
401 73
402 73
404 73
409 73
410 73
411 73
414 73
