10.459209875419811 80.78940575478947 9.7874326642461877 84.088049919843854
78.089926942147343 94.03702789941461 78.439367007986192 98.597042683812688
47.094394309120503 62.95295991715934 35.736725144593713 68.095408495585573
19.922333292121458 90.418208955893704 17.778239409508835 90.985358435266079
115.43281783407942 137.99736214605468 116.50554718255191 142.30405953104471
104.084 178.91800000000001 118.38985959445613 179.97200000000004
96.276440019730174 124.56896300434254 95.514700000000005 122.486
197.28714385647416 160.2788545834633 186.78714911101932 155.20052170565185
116.66988616710887 144.52132276826049 116.50554718255191 142.30405953104471
198.184 178.184 200 178
200 178 204.48069374899072 177.57667184668387
209.63035409875451 105.33176517864538 208.4283333969716 106.50033055849204
182.88757916763285 133.52129470502706 185.9964117157383 132.41065528828562
84.912973166218876 107.31444199568627 87.144155335269375 108.05213847968247
212.48150137840054 170.68277740795727 211.64813291253228 169.38425261054232
202.61099999999999 109.61199999999999 204.05785027416948 108.81846079991304
201.55009325680828 110.68427199629487 202.61099999999999 109.61199999999999
267.79399999999998 70.206400000000002 274.27648141238166 72.843960961936673
209.23288276611294 167.51835391938468 211.64813291253228 169.38425261054232
211.81096472075023 25.294703674894283 210.84282455148468 21.037006480536494
211.875 100.875 210.57799682860536 103.9488797636339
213.42498745200206 32.849164252980017 211.81096472075023 25.294703674894283
212.57072661828599 97.448284122143377 211.875 100.875
20.1844 74.184299999999993 35.736725144593713 68.095408495585573
88.103900051122309 164.25837397227713 98.866926770052771 158.38783232253695
197.28714385647416 160.2788545834633 203.35984859639282 163.73386823938407
205.54609370988271 108.10557114926895 208.4283333969716 106.50033055849204
233.89918465497612 70.66326628139673 240.64171727428595 74.320360744000112
213.00095236441328 73.048592714680254 213.16208337587508 67.152262669680042
228.124 49.877000000000002 221.59740410913952 45.685786054271588
252.88107562103326 63.440566384463224 267.79399999999998 70.206400000000002
184.99222734957826 13 156.61854702358045 13
81.987705911269146 17.264923804846365 81.987705911269174 17.264923804846354
81.38336253861408 18.190640471914087 81.987705911269146 17.264923804846365
80.763789140541391 105.09603879303174 82.708478594130654 106.50045572084954
78.000100000000003 86.171872461435129 78.089926942147343 94.03702789941461
48.206499999999998 79.206400000000002 55.860081023387181 75.779068291611267
78.41220897161989 34.239475937411243 79.627915871996578 25.631705800655542
47.094394309120503 62.95295991715934 61.62925254719466 55.594360213868953
48.206499999999998 79.206400000000002 32.535274958452334 85.958724092860166
80.879268685483595 19.17454679214746 80.30975162572247 21.307840807462036
32.535274958452334 85.958724092860166 24.194201182742258 89.239396093629111
113.52361042550737 13 98.802354156059224 13.000278113750547
73.47051970480922 47.628131903568587 67.723532752239194 51.869360189045061
75.474685233738541 44.612546637019179 73.47051970480922 47.628131903568587
100.52604597612431 129.51906393167894 104.53435707368547 131.14321113524917
132.73445365411121 180.006 118.38985959445613 179.97200000000004
80.604019339296485 173.95671366122025 81.72860149520757 175.03988025123519
108.70065174395772 132.30355621933307 104.53435707368547 131.14321113524917
227.12597920468994 67.063297676106487 233.89918465497612 70.66326628139673
281.64417648142825 76.670623163566546 280.5371772501249 75.971736643961947
269.755 87.244399999999999 262.41928386527911 84.142681812694519
255.08356773055826 81.04096362538904 240.64171727428595 74.320360744000112
93.196877028185298 111.44681362546767 92.47490534172502 110.48151449133721
11.206108617431951 79.454293469408086 10.459209875419811 80.78940575478947
132.73445365411121 180.006 161.40299999999999 180.38900000000001
87.144155335269375 108.05213847968247 89.360829791960342 108.81948122723733
177.21846089304103 146.49153141569764 177.49460986519031 148.15154526668084
79.531086333842168 103.03821281195404 78.439367007986192 98.597042683812688
186.78714911101932 155.20052170565185 181.40471534128503 152.64650548091942
208.84714768216463 176.48584498273902 204.48069374899072 177.57667184668387
269.755 87.244399999999999 275.83800000000002 89.145399999999995
212.90245599500702 93.967426059026351 213 86.984537778466191
128.24486669758261 13 156.61854702358045 13
213 86.984537778466191 213 80.016565214031559
194.83916371378109 128.65842908831567 196.89861047101331 126.37634741549742
205.26164447592677 14.597700663533258 206.29911161099557 15.02129669843206
128.24486669758261 13 113.52361042550737 13
76.952345356883839 41.306952208229596 75.474685233738541 44.612546637019179
14.635731342023311 76.476695522583441 12.162683290092914 78.260414312617456
80.336570924514206 170.43676810382468 80.797241208177141 169.67072640077171
115.43281783407942 137.99736214605468 114.38549961572821 135.9524299183922
97.206656450466525 126.58233831140932 98.646150583967952 128.29959453449621
211.58549763980889 174.99546174597876 210.29837596582905 175.89141369116447
208.84714768216463 176.48584498273902 210.29837596582905 175.89141369116447
205.54609370988271 108.10557114926895 204.05785027416948 108.81846079991304
185.9964117157383 132.41065528828562 192.15299999999999 130.15299999999999
209.23288276611294 167.51835391938468 203.35984859639282 163.73386823938407
279.91185379096328 89.522951429507913 281.23380885510011 89.133750345200227
283.35960701620411 87.347501479053847 284.42702445772943 84.784237380469847
216.89934402119994 62.588760278825681 215.29037084013927 62.971193816302382
218.82411779354018 42.969349064547067 221.59740410913952 45.685786054271588
213.42498745200206 32.849164252980017 216.30166868868977 40.01851910996249
80.879268685483595 19.17454679214746 81.38336253861408 18.190640471914087
63.473861641845701 72.264207012006551 68.317370959922869 69.955663433527121
77.99837412055912 78.306204278473572 78.000100000000003 86.171872461435129
98.802354156059224 13.000278113750547 90.395030033664199 15.132600959298451
19.922333292121458 90.418208955893704 24.194201182742258 89.239396093629111
15.593185735380693 91.365276256101566 14.697756760956517 91.273600640553468
70.833544418116134 68.970210453308923 68.317370959922869 69.955663433527121
284.5648188371394 82.203828302403281 284.10750930054479 79.660529993335899
281.64417648142825 76.670623163566546 282.68379234310385 77.466291766405547
15.593185735380693 91.365276256101566 15.593185735380706 91.365276256101581
212.57072661828599 97.448284122143377 212.90245599500702 93.967426059026351
255.08356773055826 81.04096362538904 262.41928386527911 84.142681812694519
222.1456328831097 64.522120763247841 227.12597920468994 67.063297676106487
218.30118213662033 62.778887911191937 216.89934402119994 62.588760278825681
218.82411779354018 42.969349064547067 216.30166868868977 40.01851910996249
14.635731342023311 76.476695522583441 20.1844 74.184299999999993
284.42702445772943 84.784237380469847 284.5648188371394 82.203828302403281
108.60297994128941 153.91564177825262 98.866926770052771 158.38783232253695
100.52604597612431 129.51906393167894 98.646150583967952 128.29959453449621
111.16278434568909 152.83639822844859 108.60297994128941 153.91564177825262
116.66988616710887 144.52132276826049 116.56100000000001 146.74199999999999
212.48150137840054 170.68277740795727 212.89920985997477 172.16810204379485
211.58549763980889 174.99546174597876 212.54426924842022 173.72206474590425
279.91185379096328 89.522951429507913 278.53693276880784 89.615875368610318
86.191367972466679 16.198762382072402 81.987705911269174 17.264923804846354
16.681924885644165 91.153532900453271 15.593185735380706 91.365276256101581
82.708478594130654 106.50045572084954 84.912973166218876 107.31444199568627
11.206108617431951 79.454293469408086 12.162683290092914 78.260414312617456
85.424099580326597 166.04574755294459 82.787378194972305 167.89608136503375
198.87379593292098 120.64201520697567 199.40277107829507 117.74717836745731
177.49670879419511 141.46839471579801 177.15603745790821 144.80986332864194
94.999316114606884 118.03553153197491 95.514700000000005 122.486
280.5371772501249 75.971736643961947 274.27648141238166 72.843960961936673
92.054615813257982 177.80695368259128 104.084 178.91800000000001
93.196877028185298 111.44681362546767 93.729342722244198 112.51659779014759
112.77079072652823 134.31800694089776 114.38549961572821 135.9524299183922
212.54426924842022 173.72206474590425 212.89920985997477 172.16810204379485
282.43270559590218 88.402475462631074 283.35960701620411 87.347501479053847
283.56775992703564 78.451739025551632 282.68379234310385 77.466291766405547
76.590024882268864 69.536881700753781 77.401054504615388 70.943873180124896
113.52597428626341 151.37602206685662 111.16278434568909 152.83639822844859
196.89861047101331 126.37634741549742 198.11989747907538 123.58967709032468
281.23380885510011 89.133750345200227 282.43270559590218 88.402475462631074
16.681924885644165 91.153532900453271 17.778239409508835 90.985358435266079
275.83800000000002 89.145399999999995 278.53693276880784 89.615875368610318
252.88107562103326 63.440566384463224 240.50253781051663 56.65878319223161
93.729342722244198 112.51659779014759 94.141684974724811 113.63817335209997
115.47783117926744 149.34348212555119 113.52597428626341 151.37602206685662
284.10750930054479 79.660529993335899 283.56775992703564 78.451739025551632
80.020895961988671 104.14292832558857 80.763789140541391 105.09603879303174
79.531086333842168 103.03821281195404 80.020895961988671 104.14292832558857
10.257388235196167 87.421438542616855 10.641516314376624 88.260292961619896
10.641516314376624 88.260292961619896 10.82933856426331 89.163594638770618
79.905767449801289 172.23963416914225 80.098653647593892 173.16170894604551
91.510447209847271 109.75841972143625 92.47490534172502 110.48151449133721
205.26164447592677 14.597700663533258 203.17883344853615 13.865893815936605
206.29911161099557 15.02129669843206 207.29017438747059 15.544332290161101
219.63628937900447 63.246634925899698 218.30118213662033 62.778887911191937
219.63628937900447 63.246634925899698 222.1456328831097 64.522120763247841
213.43330172494248 65.561554008706921 213.16208337587508 67.152262669680042
200.25857933853115 113.38761838314377 200.77595199611812 111.97887450683039
116.18174987484419 148.11033154688801 115.47783117926744 149.34348212555119
116.56100000000001 146.74199999999999 116.18174987484419 148.11033154688801
80.01179103873109 171.30984365322033 80.336570924514206 170.4367681038247
80.336570924514206 170.4367681038247 80.336570924514206 170.43676810382468
179.08939061402063 136.67031415425765 180.12057611876955 135.32186512957622
180.12057611876955 135.32186512957622 182.88757916763285 133.52129470502706
180.09830411154292 151.84375751914789 178.92876202167426 150.85214978856581
200.25857933853115 113.38761838314377 199.93174622366919 114.85234152793896
83.075437088301157 175.82979719135889 86.002109781057342 176.85494818045618
214.05750666705183 64.073507763722546 215.29037084013925 62.971193816302396
215.29037084013925 62.971193816302396 215.29037084013927 62.971193816302382
13.803110786379698 91.17457515445038 14.697756760956517 91.273600640553468
11.488110939242384 89.801505263406938 12.172437823074018 90.411921288036652
80.604019339296485 173.95671366122025 80.098653647593892 173.16170894604551
81.72860149520757 175.03988025123519 83.075437088301157 175.82979719135889
12.172437823074018 90.411921288036652 13.803110786379698 91.17457515445038
179.08939061402063 136.67031415425765 178.36977878646312 138.2077851734993
97.206656450466525 126.58233831140932 96.276440019730174 124.56896300434254
210.57799682860536 103.9488797636339 209.63035409875451 105.33176517864538
94.999316114606884 118.03553153197491 94.141684974724811 113.63817335209997
193.00693714864573 13.006501293714864 197.00786747345592 13.233350127823293
79.627915871996578 25.631705800655542 80.30975162572247 21.307840807462036
240.50253781051663 56.65878319223161 228.124 49.877000000000002
177.49670879419511 141.46839471579798 177.49670879419511 141.46839471579801
178.03487212587191 149.59574425174389 178.92876202167426 150.85214978856581
177.15603745790821 144.80986332864194 177.21846089304103 146.49153141569764
85.424099580326597 166.04574755294459 88.103900051122309 164.25837397227713
92.054615813257982 177.80695368259128 86.002109781057342 176.85494818045618
201.0087977982661 13.46019896193172 203.17883344853615 13.865893815936605
76.952345356883839 41.306952208229596 78.41220897161989 34.239475937411243
194.83916371378109 128.65842908831567 192.15299999999999 130.15299999999999
197.00786747345592 13.233350127823293 201.0087977982661 13.46019896193172
61.62925254719466 55.594360213868953 67.723532752239194 51.869360189045061
63.473861641845701 72.264207012006551 55.860081023387181 75.779068291611267
81.42024257835206 169.02970667110142 82.787378194972305 167.89608136503375
73.511992148360392 68.612210167992657 70.833544418116134 68.970210453308923
75.150129563860688 68.744593274175017 73.511992148360392 68.612210167992657
180.09830411154292 151.84375751914789 181.40471534128503 152.64650548091942
207.29017438747059 15.544332290161101 208.84566901112316 17.154140202412677
208.84566901112316 17.154140202412677 210.84282455148468 21.037006480536494
213.00095236441328 73.048592714680254 213 80.016565214031559
11.488110939242384 89.801505263406938 10.82933856426331 89.163594638770618
79.905767449801289 172.23963416914225 80.01179103873109 171.30984365322033
80.797241208177141 169.67072640077171 81.42024257835206 169.02970667110142
201.55009325680828 110.68427199629487 200.77595199611812 111.97887450683039
198.87379593292098 120.64201520697567 198.11989747907538 123.58967709032468
10.257388235196167 87.421438542616855 9.7874326642461877 84.088049919843854
178.36977878646312 138.2077851734993 177.49670879419511 141.46839471579798
161.40299999999999 180.38900000000001 179.79349999999999 179.28649999999999
179.79349999999999 179.28649999999999 188.98874999999998 178.73525000000001
188.98874999999998 178.73525000000001 198.184 178.184
91.510447209847271 109.75841972143625 89.360829791960342 108.81948122723733
184.99222734957826 13 193.00693714864573 13.006501293714864
177.49460986519031 148.15154526668084 178.03487212587191 149.59574425174389
112.77079072652823 134.31800694089776 108.70065174395772 132.30355621933307
214.05750666705183 64.073507763722546 213.43330172494248 65.561554008706921
86.191367972466679 16.198762382072402 90.395030033664199 15.132600959298451
77.775866822074093 72.52403450037913 77.401054504615388 70.943873180124896
77.99837412055912 78.306204278473572 77.775866822074093 72.52403450037913
76.590024882268864 69.536881700753781 75.150129563860688 68.744593274175017
199.93174622366919 114.85234152793896 199.40277107829507 117.74717836745731
