104.949 166.8 115.315 166.261
115.315 166.261 104.084 178.918
104.084 178.918 104.949 166.8
19.9223 90.4182 17.7782 90.9854
17.7782 90.9854 16.9815 89.4487
16.9815 89.4487 19.9223 90.4182
192.575 112.442 185.018 110.756
185.018 110.756 191.068 101.418
191.068 101.418 192.575 112.442
100.321 123.922 96.2764 124.569
96.2764 124.569 95.5147 122.486
95.5147 122.486 100.321 123.922
120.136 143.15 116.67 144.521
116.67 144.521 116.506 142.304
116.506 142.304 120.136 143.15
178.443 165.836 197.287 160.279
197.287 160.279 198.279 170.066
198.279 170.066 178.443 165.836
207.227 104.063 209.63 105.332
209.63 105.332 208.428 106.5
208.428 106.5 207.227 104.063
203.303 104.802 207.227 104.063
207.227 104.063 205.546 108.106
205.546 108.106 203.303 104.802
274.276 72.844 272.891 81.758
272.891 81.758 267.794 70.2064
267.794 70.2064 274.276 72.844
208.654 172.157 209.233 167.518
209.233 167.518 211.648 169.384
211.648 169.384 208.654 172.157
205.846 101.722 211.875 100.875
211.875 100.875 210.578 103.949
210.578 103.949 205.846 101.722
211.875 100.875 206.925 95.154
206.925 95.154 212.571 97.4483
212.571 97.4483 211.875 100.875
35.7367 68.0954 32.5353 85.9587
32.5353 85.9587 20.1844 74.1843
20.1844 74.1843 35.7367 68.0954
88.1039 164.258 98.8669 158.388
98.8669 158.388 104.949 166.8
104.949 166.8 88.1039 164.258
198.279 170.066 197.287 160.279
197.287 160.279 203.36 163.734
203.36 163.734 198.279 170.066
267.794 70.2064 272.891 81.758
272.891 81.758 262.419 84.1427
262.419 84.1427 267.794 70.2064
196.111 58.6766 186.691 69.3792
186.691 69.3792 193.984 47.1226
193.984 47.1226 196.111 58.6766
267.794 70.2064 255.084 81.041
255.084 81.041 252.881 63.4406
252.881 63.4406 267.794 70.2064
213 86.9845 206.925 95.154
206.925 95.154 199.785 83.5006
199.785 83.5006 213 86.9845
81.3834 18.1906 81.9877 17.2649
81.9877 17.2649 81.9877 17.2649
81.9877 17.2649 81.3834 18.1906
87.7614 22.1545 78.4122 34.2395
78.4122 34.2395 79.6279 25.6317
79.6279 25.6317 87.7614 22.1545
47.0944 62.953 62.4771 63.9375
62.4771 63.9375 55.8601 75.7791
55.8601 75.7791 47.0944 62.953
62.4771 63.9375 47.0944 62.953
47.0944 62.953 61.6293 55.5944
61.6293 55.5944 62.4771 63.9375
48.2065 79.2064 32.5353 85.9587
32.5353 85.9587 35.7367 68.0954
35.7367 68.0954 48.2065 79.2064
47.0944 62.953 48.2065 79.2064
48.2065 79.2064 35.7367 68.0954
35.7367 68.0954 47.0944 62.953
32.5353 85.9587 24.1942 89.2394
24.1942 89.2394 20.0114 82.4113
20.0114 82.4113 32.5353 85.9587
113.524 13 108.363 44.1107
108.363 44.1107 95.6584 32.2855
95.6584 32.2855 113.524 13
115.315 166.261 132.734 180.006
132.734 180.006 118.39 179.972
118.39 179.972 115.315 166.261
13.4923 84.6619 15.5862 88.4243
15.5862 88.4243 13.1286 87.8972
13.1286 87.8972 13.4923 84.6619
163.488 131.692 153.171 146.542
153.171 146.542 146.912 120.585
146.912 120.585 163.488 131.692
104.039 122.204 108.701 132.304
108.701 132.304 104.534 131.143
104.534 131.143 104.039 122.204
198.691 174.13 198.279 170.066
198.279 170.066 204.163 171.523
204.163 171.523 198.691 174.13
208.654 172.157 211.648 169.384
211.648 169.384 212.482 170.683
212.482 170.683 208.654 172.157
205.846 101.722 206.925 95.154
206.925 95.154 211.875 100.875
211.875 100.875 205.846 101.722
272.891 81.758 269.755 87.2444
269.755 87.2444 262.419 84.1427
262.419 84.1427 272.891 81.758
252.881 63.4406 255.084 81.041
255.084 81.041 240.642 74.3204
240.642 74.3204 252.881 63.4406
94.8358 109.468 93.1969 111.447
93.1969 111.447 92.4749 110.482
92.4749 110.482 94.8358 109.468
20.0114 82.4113 20.1844 74.1843
20.1844 74.1843 32.5353 85.9587
32.5353 85.9587 20.0114 82.4113
104.949 166.8 108.603 153.916
108.603 153.916 112.572 159.755
112.572 159.755 104.949 166.8
112.572 159.755 115.315 166.261
115.315 166.261 104.949 166.8
104.949 166.8 112.572 159.755
174.946 149.928 177.218 146.492
177.218 146.492 177.495 148.152
177.495 148.152 174.946 149.928
15.2913 89.8955 16.6819 91.1535
16.6819 91.1535 15.5932 91.3653
15.5932 91.3653 15.2913 89.8955
81.9876 102.61 79.5311 103.038
79.5311 103.038 78.4394 98.597
78.4394 98.597 81.9876 102.61
94.958 111.238 93.1969 111.447
93.1969 111.447 94.8358 109.468
94.8358 109.468 94.958 111.238
204.163 171.523 208.847 176.486
208.847 176.486 204.481 177.577
204.481 177.577 204.163 171.523
81.0259 75.2943 84.9212 82.2375
84.9212 82.2375 77.9984 78.3062
77.9984 78.3062 81.0259 75.2943
156.619 13 160.387 65.6611
160.387 65.6611 128.245 13
128.245 13 156.619 13
280.801 86.0344 278.818 83.9523
278.818 83.9523 281.272 81.9198
281.272 81.9198 280.801 86.0344
272.891 81.758 275.838 89.1454
275.838 89.1454 269.755 87.2444
269.755 87.2444 272.891 81.758
228.351 58.5123 233.899 70.6633
233.899 70.6633 227.126 67.0633
227.126 67.0633 228.351 58.5123
272.891 81.758 278.818 83.9523
278.818 83.9523 275.838 89.1454
275.838 89.1454 272.891 81.758
206.052 16.6892 205.262 14.5977
205.262 14.5977 206.299 15.0213
206.299 15.0213 206.052 16.6892
95.9348 102.019 109.136 98.7726
109.136 98.7726 100.979 104.874
100.979 104.874 95.9348 102.019
47.0944 62.953 55.8601 75.7791
55.8601 75.7791 48.2065 79.2064
48.2065 79.2064 47.0944 62.953
171.687 102.916 160.387 65.6611
160.387 65.6611 186.691 69.3792
186.691 69.3792 171.687 102.916
81.6579 170.71 80.3366 170.437
80.3366 170.437 80.7972 169.671
80.7972 169.671 81.6579 170.71
118.823 134.97 115.433 137.997
115.433 137.997 114.385 135.952
114.385 135.952 118.823 134.97
100.909 114.601 94.1417 113.638
94.1417 113.638 94.958 111.238
94.958 111.238 100.909 114.601
178.443 165.836 186.787 155.201
186.787 155.201 197.287 160.279
197.287 160.279 178.443 165.836
210.298 175.891 208.654 172.157
208.654 172.157 211.585 174.995
211.585 174.995 210.298 175.891
204.058 108.818 202.171 107.094
202.171 107.094 205.546 108.106
205.546 108.106 204.058 108.818
82.7085 106.5 84.2672 101.599
84.2672 101.599 87.078 104.509
87.078 104.509 82.7085 106.5
215.393 59.8256 216.899 62.5888
216.899 62.5888 215.29 62.9712
215.29 62.9712 215.393 59.8256
216.147 48.4765 218.824 42.9693
218.824 42.9693 221.597 45.6858
221.597 45.6858 216.147 48.4765
206.773 71.474 209.664 65.7374
209.664 65.7374 213.162 67.1523
213.162 67.1523 206.773 71.474
209.428 48.448 213.425 32.8492
213.425 32.8492 216.302 40.0185
216.302 40.0185 209.428 48.448
228.351 58.5123 240.503 56.6588
240.503 56.6588 233.899 70.6633
233.899 70.6633 228.351 58.5123
240.503 56.6588 240.642 74.3204
240.642 74.3204 233.899 70.6633
233.899 70.6633 240.503 56.6588
82.751 19.5124 80.8793 19.1745
80.8793 19.1745 81.3834 18.1906
81.3834 18.1906 82.751 19.5124
104.534 131.143 100.526 129.519
100.526 129.519 104.039 122.204
104.039 122.204 104.534 131.143
90.1882 74.9418 102.824 74.4555
102.824 74.4555 95.6818 89.2872
95.6818 89.2872 90.1882 74.9418
70.2726 58.7727 67.7107 64.7015
67.7107 64.7015 62.4771 63.9375
62.4771 63.9375 70.2726 58.7727
81.5322 50.8122 73.4705 47.6281
73.4705 47.6281 75.4747 44.6125
75.4747 44.6125 81.5322 50.8122
94.8334 47.0037 108.363 44.1107
108.363 44.1107 89.6506 61.5172
89.6506 61.5172 94.8334 47.0037
15.2913 89.8955 15.5932 91.3653
15.5932 91.3653 14.6978 91.2736
14.6978 91.2736 15.2913 89.8955
76.6845 57.9975 67.7235 51.8694
67.7235 51.8694 73.4705 47.6281
73.4705 47.6281 76.6845 57.9975
67.7107 64.7015 70.8335 68.9702
70.8335 68.9702 68.3174 69.9557
68.3174 69.9557 67.7107 64.7015
281.644 76.6706 282.684 77.4663
282.684 77.4663 280.87 78.759
280.87 78.759 281.644 76.6706
198.12 123.59 192.598 124.566
192.598 124.566 195.036 118.445
195.036 118.445 198.12 123.59
182.749 128.227 180.967 123.239
180.967 123.239 190.973 120.192
190.973 120.192 182.749 128.227
15.2913 89.8955 16.9815 89.4487
16.9815 89.4487 16.6819 91.1535
16.6819 91.1535 15.2913 89.8955
81.9876 102.61 78.4394 98.597
78.4394 98.597 84.2672 101.599
84.2672 101.599 81.9876 102.61
119.628 116.68 130.894 128.788
130.894 128.788 122.869 132.898
122.869 132.898 119.628 116.68
104.949 166.8 92.0546 177.807
92.0546 177.807 87.1936 171.371
87.1936 171.371 104.949 166.8
198.691 174.13 204.481 177.577
204.481 177.577 200 178
200 178 198.691 174.13
182.749 128.227 190.973 120.192
190.973 120.192 192.598 124.566
192.598 124.566 182.749 128.227
206.925 95.154 212.902 93.9674
212.902 93.9674 212.571 97.4483
212.571 97.4483 206.925 95.154
199.981 24.9645 213.425 32.8492
213.425 32.8492 193.984 47.1226
193.984 47.1226 199.981 24.9645
219.837 60.534 222.146 64.5221
222.146 64.5221 219.636 63.2466
219.636 63.2466 219.837 60.534
217.853 60.824 218.301 62.7789
218.301 62.7789 216.899 62.5888
216.899 62.5888 217.853 60.824
14.6357 76.4767 20.1844 74.1843
20.1844 74.1843 15.8554 80.7739
15.8554 80.7739 14.6357 76.4767
81.5322 50.8122 89.6506 61.5172
89.6506 61.5172 76.6845 57.9975
76.6845 57.9975 81.5322 50.8122
89.6506 61.5172 108.363 44.1107
108.363 44.1107 102.824 74.4555
102.824 74.4555 89.6506 61.5172
284.427 84.7842 283.36 87.3475
283.36 87.3475 280.801 86.0344
280.801 86.0344 284.427 84.7842
108.363 44.1107 128.245 13
128.245 13 160.387 65.6611
160.387 65.6611 108.363 44.1107
100.526 129.519 98.6462 128.3
98.6462 128.3 100.321 123.922
100.321 123.922 100.526 129.519
119.718 148.354 116.182 148.11
116.182 148.11 116.561 146.742
116.561 146.742 119.718 148.354
95.9348 102.019 100.979 104.874
100.979 104.874 96.8931 107.93
96.8931 107.93 95.9348 102.019
212.482 170.683 212.899 172.168
212.899 172.168 208.654 172.157
208.654 172.157 212.482 170.683
279.081 87.4536 279.912 89.523
279.912 89.523 278.537 89.6159
278.537 89.6159 279.081 87.4536
275.838 89.1454 278.818 83.9523
278.818 83.9523 279.081 87.4536
279.081 87.4536 275.838 89.1454
190.973 120.192 185.018 110.756
185.018 110.756 192.575 112.442
192.575 112.442 190.973 120.192
15.5932 91.3653 15.5932 91.3653
15.5932 91.3653 16.6819 91.1535
16.6819 91.1535 15.5932 91.3653
173.85 145.775 177.218 146.492
177.218 146.492 174.946 149.928
174.946 149.928 173.85 145.775
100.321 123.922 94.9993 118.036
94.9993 118.036 100.909 114.601
100.909 114.601 100.321 123.922
11.2061 79.4543 12.1627 78.2604
12.1627 78.2604 13.1591 81.4233
13.1591 81.4233 11.2061 79.4543
78.0001 86.1719 84.9212 82.2375
84.9212 82.2375 78.0899 94.037
78.0899 94.037 78.0001 86.1719
84.4437 20.3796 82.751 19.5124
82.751 19.5124 86.1914 16.1988
86.1914 16.1988 84.4437 20.3796
98.6462 128.3 97.2067 126.582
97.2067 126.582 100.321 123.922
100.321 123.922 98.6462 128.3
173.85 145.775 177.497 141.468
177.497 141.468 177.156 144.81
177.156 144.81 173.85 145.775
82.7085 106.5 80.7638 105.096
80.7638 105.096 81.9876 102.61
81.9876 102.61 82.7085 106.5
186.691 69.3792 199.785 83.5006
199.785 83.5006 191.068 101.418
191.068 101.418 186.691 69.3792
82.7874 167.896 85.4241 166.046
85.4241 166.046 87.1936 171.371
87.1936 171.371 82.7874 167.896
102.824 74.4555 125.444 86.5757
125.444 86.5757 109.136 98.7726
109.136 98.7726 102.824 74.4555
118.823 134.97 116.002 132.74
116.002 132.74 122.869 132.898
122.869 132.898 118.823 134.97
278.898 79.7941 280.87 78.759
280.87 78.759 281.272 81.9198
281.272 81.9198 278.898 79.7941
201.55 16.5695 203.179 13.8659
203.179 13.8659 204.638 17.6072
204.638 17.6072 201.55 16.5695
81.1219 45.1539 75.4747 44.6125
75.4747 44.6125 76.9523 41.307
76.9523 41.307 81.1219 45.1539
115.315 166.261 118.39 179.972
118.39 179.972 104.084 178.918
104.084 178.918 115.315 166.261
115.433 137.997 118.823 134.97
118.823 134.97 120.136 143.15
120.136 143.15 115.433 137.997
180.421 157.241 176.12 155.351
176.12 155.351 177.853 153.307
177.853 153.307 180.421 157.241
212.544 173.722 211.585 174.995
211.585 174.995 208.654 172.157
208.654 172.157 212.544 173.722
281.234 89.1338 279.912 89.523
279.912 89.523 279.081 87.4536
279.081 87.4536 281.234 89.1338
196.899 126.376 194.839 128.658
194.839 128.658 192.598 124.566
192.598 124.566 196.899 126.376
15.8554 80.7739 20.0114 82.4113
20.0114 82.4113 17.7097 86.3897
17.7097 86.3897 15.8554 80.7739
84.06 172.608 86.0021 176.855
86.0021 176.855 83.0754 175.83
83.0754 175.83 84.06 172.608
209.428 48.448 210.926 54.9151
210.926 54.9151 196.111 58.6766
196.111 58.6766 209.428 48.448
63.4739 72.2642 62.4771 63.9375
62.4771 63.9375 68.3174 69.9557
68.3174 69.9557 63.4739 72.2642
13.1591 81.4233 10.4592 80.7894
10.4592 80.7894 11.2061 79.4543
11.2061 79.4543 13.1591 81.4233
94.9993 118.036 100.321 123.922
100.321 123.922 95.5147 122.486
95.5147 122.486 94.9993 118.036
173.341 128.776 164.311 116.37
164.311 116.37 180.967 123.239
180.967 123.239 173.341 128.776
180.121 135.322 173.341 128.776
173.341 128.776 182.749 128.227
182.749 128.227 180.121 135.322
212.899 172.168 212.544 173.722
212.544 173.722 208.654 172.157
208.654 172.157 212.899 172.168
214.058 64.0735 212.698 61.3124
212.698 61.3124 215.29 62.9712
215.29 62.9712 214.058 64.0735
80.0209 104.143 81.9876 102.61
81.9876 102.61 80.7638 105.096
80.7638 105.096 80.0209 104.143
87.7614 22.1545 84.4437 20.3796
84.4437 20.3796 86.1914 16.1988
86.1914 16.1988 87.7614 22.1545
81.7286 175.04 84.06 172.608
84.06 172.608 83.0754 175.83
83.0754 175.83 81.7286 175.04
284.565 82.2038 281.272 81.9198
281.272 81.9198 284.108 79.6605
284.108 79.6605 284.565 82.2038
211.811 25.2947 199.981 24.9645
199.981 24.9645 206.328 21.8769
206.328 21.8769 211.811 25.2947
68.3174 69.9557 62.4771 63.9375
62.4771 63.9375 67.7107 64.7015
67.7107 64.7015 68.3174 69.9557
70.8335 68.9702 67.7107 64.7015
67.7107 64.7015 71.6763 65.077
71.6763 65.077 70.8335 68.9702
73.512 68.6122 71.6763 65.077
71.6763 65.077 74.5618 65.8229
74.5618 65.8229 73.512 68.6122
94.958 111.238 93.7293 112.517
93.7293 112.517 93.1969 111.447
93.1969 111.447 94.958 111.238
177.853 153.307 178.929 150.852
178.929 150.852 180.098 151.844
180.098 151.844 177.853 153.307
192.598 124.566 190.973 120.192
190.973 120.192 195.036 118.445
195.036 118.445 192.598 124.566
206.328 21.8769 210.843 21.037
210.843 21.037 211.811 25.2947
211.811 25.2947 206.328 21.8769
112.572 159.755 117.197 152.948
117.197 152.948 121.828 160.392
121.828 160.392 112.572 159.755
204.163 171.523 208.654 172.157
208.654 172.157 208.847 176.486
208.847 176.486 204.163 171.523
279.081 87.4536 278.818 83.9523
278.818 83.9523 280.801 86.0344
280.801 86.0344 279.081 87.4536
215.393 59.8256 218.185 58.3734
218.185 58.3734 217.853 60.824
217.853 60.824 215.393 59.8256
211.465 63.8611 212.698 61.3124
212.698 61.3124 214.058 64.0735
214.058 64.0735 211.465 63.8611
12.1724 90.4119 13.1286 87.8972
13.1286 87.8972 13.8031 91.1746
13.8031 91.1746 12.1724 90.4119
281.272 81.9198 284.565 82.2038
284.565 82.2038 284.427 84.7842
284.427 84.7842 281.272 81.9198
125.444 86.5757 146.912 120.585
146.912 120.585 119.628 116.68
119.628 116.68 125.444 86.5757
84.2672 101.599 78.4394 98.597
78.4394 98.597 78.0899 94.037
78.0899 94.037 84.2672 101.599
125.955 140.439 118.823 134.97
118.823 134.97 122.869 132.898
122.869 132.898 125.955 140.439
88.1039 164.258 104.949 166.8
104.949 166.8 87.1936 171.371
87.1936 171.371 88.1039 164.258
203.303 104.802 205.846 101.722
205.846 101.722 207.227 104.063
207.227 104.063 203.303 104.802
202.611 109.612 202.171 107.094
202.171 107.094 204.058 108.818
204.058 108.818 202.611 109.612
82.0196 172.01 81.7286 175.04
81.7286 175.04 80.604 173.957
80.604 173.957 82.0196 172.01
204.638 17.6072 206.052 16.6892
206.052 16.6892 206.713 19.2553
206.713 19.2553 204.638 17.6072
84.9212 82.2375 95.6818 89.2872
95.6818 89.2872 78.0899 94.037
78.0899 94.037 84.9212 82.2375
206.052 16.6892 206.299 15.0213
206.299 15.0213 207.29 15.5443
207.29 15.5443 206.052 16.6892
219.837 60.534 219.636 63.2466
219.636 63.2466 218.301 62.7789
218.301 62.7789 219.837 60.534
209.664 65.7374 213.433 65.5616
213.433 65.5616 213.162 67.1523
213.162 67.1523 209.664 65.7374
180.967 123.239 164.311 116.37
164.311 116.37 185.018 110.756
185.018 110.756 180.967 123.239
12.0159 88.5974 10.8293 89.1636
10.8293 89.1636 10.6415 88.2603
10.6415 88.2603 12.0159 88.5974
78.4122 34.2395 95.6584 32.2855
95.6584 32.2855 81.1219 45.1539
81.1219 45.1539 78.4122 34.2395
119.718 148.354 122.624 145.926
122.624 145.926 120.978 151.666
120.978 151.666 119.718 148.354
125.955 140.439 122.869 132.898
122.869 132.898 130.894 128.788
130.894 128.788 125.955 140.439
170.409 145.902 161.991 151.634
161.991 151.634 164.889 141.871
164.889 141.871 170.409 145.902
81.6579 170.71 80.0118 171.31
80.0118 171.31 80.3366 170.437
80.3366 170.437 81.6579 170.71
80.3366 170.437 81.6579 170.71
81.6579 170.71 80.3366 170.437
80.3366 170.437 80.3366 170.437
173.85 145.775 172.57 139.979
172.57 139.979 177.497 141.468
177.497 141.468 173.85 145.775
180.421 157.241 177.853 153.307
177.853 153.307 181.405 152.647
181.405 152.647 180.421 157.241
174.946 149.928 170.409 145.902
170.409 145.902 173.85 145.775
173.85 145.775 174.946 149.928
200.259 113.388 199.932 114.852
199.932 114.852 197.697 113.585
197.697 113.585 200.259 113.388
199.267 105.755 196.621 111.252
196.621 111.252 197.013 103.486
197.013 103.486 199.267 105.755
13.4923 84.6619 13.1591 81.4233
13.1591 81.4233 15.8554 80.7739
15.8554 80.7739 13.4923 84.6619
10.6415 88.2603 11.6024 87.3129
11.6024 87.3129 12.0159 88.5974
12.0159 88.5974 10.6415 88.2603
82.7874 167.896 84.06 172.608
84.06 172.608 81.6579 170.71
81.6579 170.71 82.7874 167.896
87.1936 171.371 84.06 172.608
84.06 172.608 82.7874 167.896
82.7874 167.896 87.1936 171.371
221.597 45.6858 218.777 54.0063
218.777 54.0063 216.147 48.4765
216.147 48.4765 221.597 45.6858
16.9815 89.4487 17.7097 86.3897
17.7097 86.3897 19.9223 90.4182
19.9223 90.4182 16.9815 89.4487
206.328 21.8769 206.713 19.2553
206.713 19.2553 210.843 21.037
210.843 21.037 206.328 21.8769
148.949 164.039 153.171 146.542
153.171 146.542 161.991 151.634
161.991 151.634 148.949 164.039
210.926 54.9151 218.777 54.0063
218.777 54.0063 215.393 59.8256
215.393 59.8256 210.926 54.9151
80.0987 173.162 79.9058 172.24
79.9058 172.24 82.0196 172.01
82.0196 172.01 80.0987 173.162
81.6579 170.71 84.06 172.608
84.06 172.608 82.0196 172.01
82.0196 172.01 81.6579 170.71
222.556 56.7426 228.351 58.5123
228.351 58.5123 222.146 64.5221
222.146 64.5221 222.556 56.7426
10.6415 88.2603 10.2574 87.4214
10.2574 87.4214 11.6024 87.3129
11.6024 87.3129 10.6415 88.2603
80.0987 173.162 82.0196 172.01
82.0196 172.01 80.604 173.957
80.604 173.957 80.0987 173.162
19.9223 90.4182 17.7097 86.3897
17.7097 86.3897 24.1942 89.2394
24.1942 89.2394 19.9223 90.4182
15.8554 80.7739 20.1844 74.1843
20.1844 74.1843 20.0114 82.4113
20.0114 82.4113 15.8554 80.7739
13.4923 84.6619 11.6024 87.3129
11.6024 87.3129 9.78743 84.088
9.78743 84.088 13.4923 84.6619
20.0114 82.4113 24.1942 89.2394
24.1942 89.2394 17.7097 86.3897
17.7097 86.3897 20.0114 82.4113
176.047 136.184 179.089 136.67
179.089 136.67 178.37 138.208
178.37 138.208 176.047 136.184
119.628 116.68 114.86 124.978
114.86 124.978 104.039 122.204
104.039 122.204 119.628 116.68
100.526 129.519 100.321 123.922
100.321 123.922 104.039 122.204
104.039 122.204 100.526 129.519
97.2067 126.582 96.2764 124.569
96.2764 124.569 100.321 123.922
100.321 123.922 97.2067 126.582
199.785 83.5006 206.925 95.154
206.925 95.154 201.785 98.428
201.785 98.428 199.785 83.5006
197.697 113.585 200.776 111.979
200.776 111.979 200.259 113.388
200.259 113.388 197.697 113.585
206.925 95.154 205.846 101.722
205.846 101.722 201.785 98.428
201.785 98.428 206.925 95.154
210.578 103.949 209.63 105.332
209.63 105.332 207.227 104.063
207.227 104.063 210.578 103.949
205.546 108.106 207.227 104.063
207.227 104.063 208.428 106.5
208.428 106.5 205.546 108.106
205.846 101.722 210.578 103.949
210.578 103.949 207.227 104.063
207.227 104.063 205.846 101.722
201.55 110.684 200.585 108.668
200.585 108.668 202.611 109.612
202.611 109.612 201.55 110.684
201.785 98.428 205.846 101.722
205.846 101.722 203.303 104.802
203.303 104.802 201.785 98.428
199.785 83.5006 200.051 69.7443
200.051 69.7443 206.773 71.474
206.773 71.474 199.785 83.5006
213 86.9845 212.902 93.9674
212.902 93.9674 206.925 95.154
206.925 95.154 213 86.9845
94.9993 118.036 94.1417 113.638
94.1417 113.638 100.909 114.601
100.909 114.601 94.9993 118.036
189.495 31.1032 184.992 13
184.992 13 194.613 20.0827
194.613 20.0827 189.495 31.1032
177.529 33.2128 193.984 47.1226
193.984 47.1226 160.387 65.6611
160.387 65.6611 177.529 33.2128
199.785 83.5006 213 80.0166
213 80.0166 213 86.9845
213 86.9845 199.785 83.5006
209.664 65.7374 206.773 71.474
206.773 71.474 205.945 65.1033
205.945 65.1033 209.664 65.7374
206.773 71.474 213 80.0166
213 80.0166 199.785 83.5006
199.785 83.5006 206.773 71.474
160.387 65.6611 193.984 47.1226
193.984 47.1226 186.691 69.3792
186.691 69.3792 160.387 65.6611
194.613 20.0827 193.007 13.0065
193.007 13.0065 197.008 13.2334
197.008 13.2334 194.613 20.0827
191.068 101.418 199.785 83.5006
199.785 83.5006 201.785 98.428
201.785 98.428 191.068 101.418
186.691 69.3792 200.051 69.7443
200.051 69.7443 199.785 83.5006
199.785 83.5006 186.691 69.3792
89.6506 61.5172 81.5322 50.8122
81.5322 50.8122 94.8334 47.0037
94.8334 47.0037 89.6506 61.5172
113.524 13 128.245 13
128.245 13 108.363 44.1107
108.363 44.1107 113.524 13
80.3098 21.3078 84.4437 20.3796
84.4437 20.3796 79.6279 25.6317
79.6279 25.6317 80.3098 21.3078
98.8024 13.0003 113.524 13
113.524 13 95.6584 32.2855
95.6584 32.2855 98.8024 13.0003
209.233 167.518 204.163 171.523
204.163 171.523 203.36 163.734
203.36 163.734 209.233 167.518
148.949 164.039 161.403 180.389
161.403 180.389 132.734 180.006
132.734 180.006 148.949 164.039
198.184 178.184 198.691 174.13
198.691 174.13 200 178
200 178 198.184 178.184
198.691 174.13 204.163 171.523
204.163 171.523 204.481 177.577
204.481 177.577 198.691 174.13
198.279 170.066 203.36 163.734
203.36 163.734 204.163 171.523
204.163 171.523 198.279 170.066
87.1442 108.052 87.078 104.509
87.078 104.509 89.3608 108.819
89.3608 108.819 87.1442 108.052
108.363 44.1107 160.387 65.6611
160.387 65.6611 125.444 86.5757
125.444 86.5757 108.363 44.1107
84.913 107.314 87.078 104.509
87.078 104.509 87.1442 108.052
87.1442 108.052 84.913 107.314
119.628 116.68 146.912 120.585
146.912 120.585 130.894 128.788
130.894 128.788 119.628 116.68
91.8256 106.107 89.3608 108.819
89.3608 108.819 87.078 104.509
87.078 104.509 91.8256 106.107
100.979 104.874 119.628 116.68
119.628 116.68 100.909 114.601
100.909 114.601 100.979 104.874
91.8256 106.107 90.1951 102.824
90.1951 102.824 95.9348 102.019
95.9348 102.019 91.8256 106.107
100.909 114.601 104.039 122.204
104.039 122.204 100.321 123.922
100.321 123.922 100.909 114.601
91.5104 109.758 93.0897 108.657
93.0897 108.657 92.4749 110.482
92.4749 110.482 91.5104 109.758
94.958 111.238 94.1417 113.638
94.1417 113.638 93.7293 112.517
93.7293 112.517 94.958 111.238
117.837 149.873 115.478 149.343
115.478 149.343 116.182 148.11
116.182 148.11 117.837 149.873
117.197 152.948 113.526 151.376
113.526 151.376 115.478 149.343
115.478 149.343 117.197 152.948
111.163 152.836 112.572 159.755
112.572 159.755 108.603 153.916
108.603 153.916 111.163 152.836
111.163 152.836 113.526 151.376
113.526 151.376 117.197 152.948
117.197 152.948 111.163 152.836
92.0546 177.807 104.949 166.8
104.949 166.8 104.084 178.918
104.084 178.918 92.0546 177.807
98.8669 158.388 108.603 153.916
108.603 153.916 104.949 166.8
104.949 166.8 98.8669 158.388
13.8031 91.1746 13.1286 87.8972
13.1286 87.8972 15.2913 89.8955
15.2913 89.8955 13.8031 91.1746
12.1724 90.4119 11.4881 89.8015
11.4881 89.8015 12.0159 88.5974
12.0159 88.5974 12.1724 90.4119
90.1951 102.824 84.2672 101.599
84.2672 101.599 95.6818 89.2872
95.6818 89.2872 90.1951 102.824
87.078 104.509 84.913 107.314
84.913 107.314 82.7085 106.5
82.7085 106.5 87.078 104.509
82.7085 106.5 81.9876 102.61
81.9876 102.61 84.2672 101.599
84.2672 101.599 82.7085 106.5
80.0209 104.143 79.5311 103.038
79.5311 103.038 81.9876 102.61
81.9876 102.61 80.0209 104.143
96.8931 107.93 94.958 111.238
94.958 111.238 94.8358 109.468
94.8358 109.468 96.8931 107.93
96.8931 107.93 100.909 114.601
100.909 114.601 94.958 111.238
94.958 111.238 96.8931 107.93
280.87 78.759 283.568 78.4517
283.568 78.4517 284.108 79.6605
284.108 79.6605 280.87 78.759
281.272 81.9198 284.427 84.7842
284.427 84.7842 280.801 86.0344
280.801 86.0344 281.272 81.9198
282.433 88.4025 280.801 86.0344
280.801 86.0344 283.36 87.3475
283.36 87.3475 282.433 88.4025
282.433 88.4025 281.234 89.1338
281.234 89.1338 280.801 86.0344
280.801 86.0344 282.433 88.4025
213.425 32.8492 199.981 24.9645
199.981 24.9645 211.811 25.2947
211.811 25.2947 213.425 32.8492
199.981 24.9645 189.495 31.1032
189.495 31.1032 194.613 20.0827
194.613 20.0827 199.981 24.9645
194.613 20.0827 197.008 13.2334
197.008 13.2334 201.55 16.5695
201.55 16.5695 194.613 20.0827
203.179 13.8659 205.262 14.5977
205.262 14.5977 204.638 17.6072
204.638 17.6072 203.179 13.8659
206.052 16.6892 204.638 17.6072
204.638 17.6072 205.262 14.5977
205.262 14.5977 206.052 16.6892
202.324 19.6295 201.55 16.5695
201.55 16.5695 204.638 17.6072
204.638 17.6072 202.324 19.6295
160.387 65.6611 171.687 102.916
171.687 102.916 125.444 86.5757
125.444 86.5757 160.387 65.6611
172.57 139.979 176.047 136.184
176.047 136.184 178.37 138.208
178.37 138.208 172.57 139.979
196.621 111.252 200.585 108.668
200.585 108.668 200.776 111.979
200.776 111.979 196.621 111.252
146.912 120.585 125.444 86.5757
125.444 86.5757 171.687 102.916
171.687 102.916 146.912 120.585
198.12 123.59 196.899 126.376
196.899 126.376 192.598 124.566
192.598 124.566 198.12 123.59
197.013 103.486 201.785 98.428
201.785 98.428 203.303 104.802
203.303 104.802 197.013 103.486
197.697 113.585 192.575 112.442
192.575 112.442 196.621 111.252
196.621 111.252 197.697 113.585
195.036 118.445 199.403 117.747
199.403 117.747 198.874 120.642
198.874 120.642 195.036 118.445
171.687 102.916 191.068 101.418
191.068 101.418 185.018 110.756
185.018 110.756 171.687 102.916
171.687 102.916 186.691 69.3792
186.691 69.3792 191.068 101.418
191.068 101.418 171.687 102.916
114.86 124.978 108.701 132.304
108.701 132.304 104.039 122.204
104.039 122.204 114.86 124.978
174.946 149.928 178.035 149.596
178.035 149.596 177.853 153.307
177.853 153.307 174.946 149.928
116.002 132.74 114.86 124.978
114.86 124.978 122.869 132.898
122.869 132.898 116.002 132.74
121.828 160.392 132.008 157.962
132.008 157.962 132.734 180.006
132.734 180.006 121.828 160.392
112.771 134.318 116.002 132.74
116.002 132.74 114.385 135.952
114.385 135.952 112.771 134.318
120.136 143.15 125.955 140.439
125.955 140.439 122.624 145.926
122.624 145.926 120.136 143.15
100.979 104.874 100.909 114.601
100.909 114.601 96.8931 107.93
96.8931 107.93 100.979 104.874
100.979 104.874 109.136 98.7726
109.136 98.7726 119.628 116.68
119.628 116.68 100.979 104.874
181.405 152.647 186.787 155.201
186.787 155.201 180.421 157.241
180.421 157.241 181.405 152.647
179.793 179.286 161.403 180.389
161.403 180.389 178.443 165.836
178.443 165.836 179.793 179.286
208.847 176.486 208.654 172.157
208.654 172.157 210.298 175.891
210.298 175.891 208.847 176.486
204.163 171.523 209.233 167.518
209.233 167.518 208.654 172.157
208.654 172.157 204.163 171.523
228.124 49.877 218.777 54.0063
218.777 54.0063 221.597 45.6858
221.597 45.6858 228.124 49.877
215.393 59.8256 215.29 62.9712
215.29 62.9712 215.29 62.9712
215.29 62.9712 215.393 59.8256
228.124 49.877 228.351 58.5123
228.351 58.5123 222.556 56.7426
222.556 56.7426 228.124 49.877
217.853 60.824 216.899 62.5888
216.899 62.5888 215.393 59.8256
215.393 59.8256 217.853 60.824
213.433 65.5616 209.664 65.7374
209.664 65.7374 211.465 63.8611
211.465 63.8611 213.433 65.5616
218.777 54.0063 218.185 58.3734
218.185 58.3734 215.393 59.8256
215.393 59.8256 218.777 54.0063
213.425 32.8492 209.428 48.448
209.428 48.448 193.984 47.1226
193.984 47.1226 213.425 32.8492
216.302 40.0185 218.824 42.9693
218.824 42.9693 216.147 48.4765
216.147 48.4765 216.302 40.0185
196.111 58.6766 205.945 65.1033
205.945 65.1033 200.051 69.7443
200.051 69.7443 196.111 58.6766
212.698 61.3124 215.393 59.8256
215.393 59.8256 215.29 62.9712
215.29 62.9712 212.698 61.3124
240.642 74.3204 240.503 56.6588
240.503 56.6588 252.881 63.4406
252.881 63.4406 240.642 74.3204
95.6584 32.2855 87.7614 22.1545
87.7614 22.1545 98.8024 13.0003
98.8024 13.0003 95.6584 32.2855
82.751 19.5124 80.3098 21.3078
80.3098 21.3078 80.8793 19.1745
80.8793 19.1745 82.751 19.5124
98.8024 13.0003 87.7614 22.1545
87.7614 22.1545 90.395 15.1326
90.395 15.1326 98.8024 13.0003
95.6584 32.2855 78.4122 34.2395
78.4122 34.2395 87.7614 22.1545
87.7614 22.1545 95.6584 32.2855
81.9877 17.2649 86.1914 16.1988
86.1914 16.1988 82.751 19.5124
82.751 19.5124 81.9877 17.2649
87.7614 22.1545 79.6279 25.6317
79.6279 25.6317 84.4437 20.3796
84.4437 20.3796 87.7614 22.1545
81.9877 17.2649 82.751 19.5124
82.751 19.5124 81.3834 18.1906
81.3834 18.1906 81.9877 17.2649
84.4437 20.3796 80.3098 21.3078
80.3098 21.3078 82.751 19.5124
82.751 19.5124 84.4437 20.3796
77.1455 66.8227 79.5826 68.7491
79.5826 68.7491 76.59 69.5369
76.59 69.5369 77.1455 66.8227
108.363 44.1107 125.444 86.5757
125.444 86.5757 102.824 74.4555
102.824 74.4555 108.363 44.1107
78.0899 94.037 95.6818 89.2872
95.6818 89.2872 84.2672 101.599
84.2672 101.599 78.0899 94.037
102.824 74.4555 109.136 98.7726
109.136 98.7726 95.6818 89.2872
95.6818 89.2872 102.824 74.4555
77.7759 72.524 79.7202 71.2283
79.7202 71.2283 81.0259 75.2943
81.0259 75.2943 77.7759 72.524
79.5826 68.7491 77.4011 70.9439
77.4011 70.9439 76.59 69.5369
76.59 69.5369 79.5826 68.7491
13.8031 91.1746 15.2913 89.8955
15.2913 89.8955 14.6978 91.2736
14.6978 91.2736 13.8031 91.1746
15.5862 88.4243 16.9815 89.4487
16.9815 89.4487 15.2913 89.8955
15.2913 89.8955 15.5862 88.4243
83.6567 66.4007 77.1455 66.8227
77.1455 66.8227 76.6845 57.9975
76.6845 57.9975 83.6567 66.4007
77.1455 66.8227 75.1501 68.7446
75.1501 68.7446 74.5618 65.8229
74.5618 65.8229 77.1455 66.8227
73.4705 47.6281 81.5322 50.8122
81.5322 50.8122 76.6845 57.9975
76.6845 57.9975 73.4705 47.6281
94.8334 47.0037 95.6584 32.2855
95.6584 32.2855 108.363 44.1107
108.363 44.1107 94.8334 47.0037
280.537 75.9717 278.898 79.7941
278.898 79.7941 274.276 72.844
274.276 72.844 280.537 75.9717
280.537 75.9717 281.644 76.6706
281.644 76.6706 280.87 78.759
280.87 78.759 280.537 75.9717
278.898 79.7941 272.891 81.758
272.891 81.758 274.276 72.844
274.276 72.844 278.898 79.7941
278.898 79.7941 278.818 83.9523
278.818 83.9523 272.891 81.758
272.891 81.758 278.898 79.7941
267.794 70.2064 262.419 84.1427
262.419 84.1427 255.084 81.041
255.084 81.041 267.794 70.2064
280.537 75.9717 280.87 78.759
280.87 78.759 278.898 79.7941
278.898 79.7941 280.537 75.9717
282.684 77.4663 283.568 78.4517
283.568 78.4517 280.87 78.759
280.87 78.759 282.684 77.4663
197.697 113.585 195.036 118.445
195.036 118.445 192.575 112.442
192.575 112.442 197.697 113.585
192.153 130.153 185.996 132.411
185.996 132.411 182.749 128.227
182.749 128.227 192.153 130.153
190.973 120.192 180.967 123.239
180.967 123.239 185.018 110.756
185.018 110.756 190.973 120.192
180.121 135.322 179.089 136.67
179.089 136.67 176.047 136.184
176.047 136.184 180.121 135.322
182.888 133.521 182.749 128.227
182.749 128.227 185.996 132.411
185.996 132.411 182.888 133.521
182.888 133.521 180.121 135.322
180.121 135.322 182.749 128.227
182.749 128.227 182.888 133.521
16.6819 91.1535 16.9815 89.4487
16.9815 89.4487 17.7782 90.9854
17.7782 90.9854 16.6819 91.1535
15.5862 88.4243 17.7097 86.3897
17.7097 86.3897 16.9815 89.4487
16.9815 89.4487 15.5862 88.4243
222.146 64.5221 228.351 58.5123
228.351 58.5123 227.126 67.0633
227.126 67.0633 222.146 64.5221
228.124 49.877 240.503 56.6588
240.503 56.6588 228.351 58.5123
228.351 58.5123 228.124 49.877
218.777 54.0063 222.556 56.7426
222.556 56.7426 218.185 58.3734
218.185 58.3734 218.777 54.0063
222.556 56.7426 222.146 64.5221
222.146 64.5221 219.837 60.534
219.837 60.534 222.556 56.7426
219.837 60.534 217.853 60.824
217.853 60.824 218.185 58.3734
218.185 58.3734 219.837 60.534
219.837 60.534 218.301 62.7789
218.301 62.7789 217.853 60.824
217.853 60.824 219.837 60.534
12.1627 78.2604 15.8554 80.7739
15.8554 80.7739 13.1591 81.4233
13.1591 81.4233 12.1627 78.2604
12.1627 78.2604 14.6357 76.4767
14.6357 76.4767 15.8554 80.7739
15.8554 80.7739 12.1627 78.2604
90.1882 74.9418 89.6506 61.5172
89.6506 61.5172 102.824 74.4555
102.824 74.4555 90.1882 74.9418
79.5826 68.7491 81.9936 70.6891
81.9936 70.6891 79.7202 71.2283
79.7202 71.2283 79.5826 68.7491
132.734 180.006 132.008 157.962
132.008 157.962 148.949 164.039
148.949 164.039 132.734 180.006
132.734 180.006 115.315 166.261
115.315 166.261 121.828 160.392
121.828 160.392 132.734 180.006
130.894 128.788 137.495 138.459
137.495 138.459 125.955 140.439
125.955 140.439 130.894 128.788
137.495 138.459 146.912 120.585
146.912 120.585 153.171 146.542
153.171 146.542 137.495 138.459
132.008 157.962 120.978 151.666
120.978 151.666 128.734 146.226
128.734 146.226 132.008 157.962
119.718 148.354 116.67 144.521
116.67 144.521 120.136 143.15
120.136 143.15 119.718 148.354
119.718 148.354 120.136 143.15
120.136 143.15 122.624 145.926
122.624 145.926 119.718 148.354
116.506 142.304 115.433 137.997
115.433 137.997 120.136 143.15
120.136 143.15 116.506 142.304
116.182 148.11 119.718 148.354
119.718 148.354 117.837 149.873
117.837 149.873 116.182 148.11
122.624 145.926 128.734 146.226
128.734 146.226 120.978 151.666
120.978 151.666 122.624 145.926
117.197 152.948 117.837 149.873
117.837 149.873 120.978 151.666
120.978 151.666 117.197 152.948
116.561 146.742 116.67 144.521
116.67 144.521 119.718 148.354
119.718 148.354 116.561 146.742
281.234 89.1338 279.081 87.4536
279.081 87.4536 280.801 86.0344
280.801 86.0344 281.234 89.1338
278.537 89.6159 275.838 89.1454
275.838 89.1454 279.081 87.4536
279.081 87.4536 278.537 89.6159
128.734 146.226 137.495 138.459
137.495 138.459 132.008 157.962
132.008 157.962 128.734 146.226
137.495 138.459 130.894 128.788
130.894 128.788 146.912 120.585
146.912 120.585 137.495 138.459
163.488 131.692 164.889 141.871
164.889 141.871 153.171 146.542
153.171 146.542 163.488 131.692
172.57 139.979 177.497 141.468
177.497 141.468 177.497 141.468
177.497 141.468 172.57 139.979
173.257 134.877 172.57 139.979
172.57 139.979 164.889 141.871
164.889 141.871 173.257 134.877
178.035 149.596 178.929 150.852
178.929 150.852 177.853 153.307
177.853 153.307 178.035 149.596
172.57 139.979 173.85 145.775
173.85 145.775 170.409 145.902
170.409 145.902 172.57 139.979
177.156 144.81 177.218 146.492
177.218 146.492 173.85 145.775
173.85 145.775 177.156 144.81
167.175 160.641 161.991 151.634
161.991 151.634 172.344 151.626
172.344 151.626 167.175 160.641
161.991 151.634 170.409 145.902
170.409 145.902 172.344 151.626
172.344 151.626 161.991 151.634
17.7097 86.3897 13.4923 84.6619
13.4923 84.6619 15.8554 80.7739
15.8554 80.7739 17.7097 86.3897
9.78743 84.088 10.4592 80.7894
10.4592 80.7894 13.1591 81.4233
13.1591 81.4233 9.78743 84.088
88.1039 164.258 87.1936 171.371
87.1936 171.371 85.4241 166.046
85.4241 166.046 88.1039 164.258
92.0546 177.807 86.0021 176.855
86.0021 176.855 87.1936 171.371
87.1936 171.371 92.0546 177.807
100.909 114.601 119.628 116.68
119.628 116.68 104.039 122.204
104.039 122.204 100.909 114.601
109.136 98.7726 125.444 86.5757
125.444 86.5757 119.628 116.68
119.628 116.68 109.136 98.7726
278.898 79.7941 281.272 81.9198
281.272 81.9198 278.818 83.9523
278.818 83.9523 278.898 79.7941
280.87 78.759 284.108 79.6605
284.108 79.6605 281.272 81.9198
281.272 81.9198 280.87 78.759
203.179 13.8659 201.55 16.5695
201.55 16.5695 201.009 13.4602
201.009 13.4602 203.179 13.8659
202.324 19.6295 199.981 24.9645
199.981 24.9645 194.613 20.0827
194.613 20.0827 202.324 19.6295
75.4747 44.6125 81.1219 45.1539
81.1219 45.1539 81.5322 50.8122
81.5322 50.8122 75.4747 44.6125
76.9523 41.307 78.4122 34.2395
78.4122 34.2395 81.1219 45.1539
81.1219 45.1539 76.9523 41.307
81.1219 45.1539 94.8334 47.0037
94.8334 47.0037 81.5322 50.8122
81.5322 50.8122 81.1219 45.1539
81.1219 45.1539 95.6584 32.2855
95.6584 32.2855 94.8334 47.0037
94.8334 47.0037 81.1219 45.1539
192.153 130.153 192.598 124.566
192.598 124.566 194.839 128.658
194.839 128.658 192.153 130.153
192.153 130.153 182.749 128.227
182.749 128.227 192.598 124.566
192.598 124.566 192.153 130.153
201.55 16.5695 197.008 13.2334
197.008 13.2334 201.009 13.4602
201.009 13.4602 201.55 16.5695
201.55 16.5695 202.324 19.6295
202.324 19.6295 194.613 20.0827
194.613 20.0827 201.55 16.5695
67.7235 51.8694 70.2726 58.7727
70.2726 58.7727 61.6293 55.5944
61.6293 55.5944 67.7235 51.8694
63.4739 72.2642 55.8601 75.7791
55.8601 75.7791 62.4771 63.9375
62.4771 63.9375 63.4739 72.2642
164.311 116.37 173.341 128.776
173.341 128.776 163.488 131.692
163.488 131.692 164.311 116.37
180.967 123.239 182.749 128.227
182.749 128.227 173.341 128.776
173.341 128.776 180.967 123.239
207.814 60.5229 212.698 61.3124
212.698 61.3124 211.465 63.8611
211.465 63.8611 207.814 60.5229
210.926 54.9151 215.393 59.8256
215.393 59.8256 212.698 61.3124
212.698 61.3124 210.926 54.9151
81.6579 170.71 81.4202 169.03
81.4202 169.03 82.7874 167.896
82.7874 167.896 81.6579 170.71
87.1936 171.371 86.0021 176.855
86.0021 176.855 84.06 172.608
84.06 172.608 87.1936 171.371
61.6293 55.5944 70.2726 58.7727
70.2726 58.7727 62.4771 63.9375
62.4771 63.9375 61.6293 55.5944
71.6763 65.077 73.512 68.6122
73.512 68.6122 70.8335 68.9702
70.8335 68.9702 71.6763 65.077
70.2726 58.7727 71.6763 65.077
71.6763 65.077 67.7107 64.7015
67.7107 64.7015 70.2726 58.7727
74.5618 65.8229 75.1501 68.7446
75.1501 68.7446 73.512 68.6122
73.512 68.6122 74.5618 65.8229
74.1382 61.5074 74.5618 65.8229
74.5618 65.8229 71.6763 65.077
71.6763 65.077 74.1382 61.5074
76.6845 57.9975 89.6506 61.5172
89.6506 61.5172 83.6567 66.4007
83.6567 66.4007 76.6845 57.9975
167.175 160.641 176.12 155.351
176.12 155.351 178.443 165.836
178.443 165.836 167.175 160.641
176.12 155.351 174.946 149.928
174.946 149.928 177.853 153.307
177.853 153.307 176.12 155.351
181.405 152.647 177.853 153.307
177.853 153.307 180.098 151.844
180.098 151.844 181.405 152.647
176.12 155.351 172.344 151.626
172.344 151.626 174.946 149.928
174.946 149.928 176.12 155.351
199.267 105.755 202.171 107.094
202.171 107.094 200.585 108.668
200.585 108.668 199.267 105.755
203.303 104.802 205.546 108.106
205.546 108.106 202.171 107.094
202.171 107.094 203.303 104.802
202.324 19.6295 206.328 21.8769
206.328 21.8769 199.981 24.9645
199.981 24.9645 202.324 19.6295
202.324 19.6295 204.638 17.6072
204.638 17.6072 206.713 19.2553
206.713 19.2553 202.324 19.6295
208.846 17.1541 206.052 16.6892
206.052 16.6892 207.29 15.5443
207.29 15.5443 208.846 17.1541
206.713 19.2553 206.328 21.8769
206.328 21.8769 202.324 19.6295
202.324 19.6295 206.713 19.2553
208.846 17.1541 206.713 19.2553
206.713 19.2553 206.052 16.6892
206.052 16.6892 208.846 17.1541
208.846 17.1541 210.843 21.037
210.843 21.037 206.713 19.2553
206.713 19.2553 208.846 17.1541
213.001 73.0486 206.773 71.474
206.773 71.474 213.162 67.1523
213.162 67.1523 213.001 73.0486
209.664 65.7374 207.814 60.5229
207.814 60.5229 211.465 63.8611
211.465 63.8611 209.664 65.7374
205.945 65.1033 206.773 71.474
206.773 71.474 200.051 69.7443
200.051 69.7443 205.945 65.1033
213.001 73.0486 213 80.0166
213 80.0166 206.773 71.474
206.773 71.474 213.001 73.0486
15.2913 89.8955 13.1286 87.8972
13.1286 87.8972 15.5862 88.4243
15.5862 88.4243 15.2913 89.8955
13.4923 84.6619 9.78743 84.088
9.78743 84.088 13.1591 81.4233
13.1591 81.4233 13.4923 84.6619
12.1724 90.4119 12.0159 88.5974
12.0159 88.5974 13.1286 87.8972
13.1286 87.8972 12.1724 90.4119
11.4881 89.8015 10.8293 89.1636
10.8293 89.1636 12.0159 88.5974
12.0159 88.5974 11.4881 89.8015
164.889 141.871 161.991 151.634
161.991 151.634 153.171 146.542
153.171 146.542 164.889 141.871
172.344 151.626 176.12 155.351
176.12 155.351 167.175 160.641
167.175 160.641 172.344 151.626
81.7286 175.04 82.0196 172.01
82.0196 172.01 84.06 172.608
84.06 172.608 81.7286 175.04
79.9058 172.24 80.0118 171.31
80.0118 171.31 82.0196 172.01
82.0196 172.01 79.9058 172.24
80.0118 171.31 81.6579 170.71
81.6579 170.71 82.0196 172.01
82.0196 172.01 80.0118 171.31
80.7972 169.671 81.4202 169.03
81.4202 169.03 81.6579 170.71
81.6579 170.71 80.7972 169.671
178.443 165.836 180.421 157.241
180.421 157.241 186.787 155.201
186.787 155.201 178.443 165.836
178.443 165.836 176.12 155.351
176.12 155.351 180.421 157.241
180.421 157.241 178.443 165.836
191.068 101.418 197.013 103.486
197.013 103.486 192.575 112.442
192.575 112.442 191.068 101.418
200.585 108.668 201.55 110.684
201.55 110.684 200.776 111.979
200.776 111.979 200.585 108.668
200.776 111.979 197.697 113.585
197.697 113.585 196.621 111.252
196.621 111.252 200.776 111.979
195.036 118.445 198.874 120.642
198.874 120.642 198.12 123.59
198.12 123.59 195.036 118.445
210.926 54.9151 216.147 48.4765
216.147 48.4765 218.777 54.0063
218.777 54.0063 210.926 54.9151
209.428 48.448 216.302 40.0185
216.302 40.0185 216.147 48.4765
216.147 48.4765 209.428 48.448
153.171 146.542 148.949 164.039
148.949 164.039 132.008 157.962
132.008 157.962 153.171 146.542
161.991 151.634 167.175 160.641
167.175 160.641 148.949 164.039
148.949 164.039 161.991 151.634
12.0159 88.5974 11.6024 87.3129
11.6024 87.3129 13.1286 87.8972
13.1286 87.8972 12.0159 88.5974
10.2574 87.4214 9.78743 84.088
9.78743 84.088 11.6024 87.3129
11.6024 87.3129 10.2574 87.4214
15.5862 88.4243 13.4923 84.6619
13.4923 84.6619 17.7097 86.3897
17.7097 86.3897 15.5862 88.4243
13.1286 87.8972 11.6024 87.3129
11.6024 87.3129 13.4923 84.6619
13.4923 84.6619 13.1286 87.8972
163.488 131.692 173.257 134.877
173.257 134.877 164.889 141.871
164.889 141.871 163.488 131.692
173.341 128.776 180.121 135.322
180.121 135.322 176.047 136.184
176.047 136.184 173.341 128.776
177.497 141.468 172.57 139.979
172.57 139.979 178.37 138.208
178.37 138.208 177.497 141.468
173.257 134.877 173.341 128.776
173.341 128.776 176.047 136.184
176.047 136.184 173.257 134.877
192.575 112.442 197.013 103.486
197.013 103.486 196.621 111.252
196.621 111.252 192.575 112.442
202.171 107.094 202.611 109.612
202.611 109.612 200.585 108.668
200.585 108.668 202.171 107.094
201.785 98.428 197.013 103.486
197.013 103.486 191.068 101.418
191.068 101.418 201.785 98.428
203.303 104.802 202.171 107.094
202.171 107.094 199.267 105.755
199.267 105.755 203.303 104.802
96.8931 107.93 91.8256 106.107
91.8256 106.107 95.9348 102.019
95.9348 102.019 96.8931 107.93
96.8931 107.93 94.8358 109.468
94.8358 109.468 93.0897 108.657
93.0897 108.657 96.8931 107.93
90.1951 102.824 87.078 104.509
87.078 104.509 84.2672 101.599
84.2672 101.599 90.1951 102.824
90.1951 102.824 91.8256 106.107
91.8256 106.107 87.078 104.509
87.078 104.509 90.1951 102.824
93.0897 108.657 91.8256 106.107
91.8256 106.107 96.8931 107.93
96.8931 107.93 93.0897 108.657
91.5104 109.758 89.3608 108.819
89.3608 108.819 91.8256 106.107
91.8256 106.107 91.5104 109.758
95.6818 89.2872 95.9348 102.019
95.9348 102.019 90.1951 102.824
90.1951 102.824 95.6818 89.2872
95.6818 89.2872 109.136 98.7726
109.136 98.7726 95.9348 102.019
95.9348 102.019 95.6818 89.2872
92.4749 110.482 93.0897 108.657
93.0897 108.657 94.8358 109.468
94.8358 109.468 92.4749 110.482
91.5104 109.758 91.8256 106.107
91.8256 106.107 93.0897 108.657
93.0897 108.657 91.5104 109.758
121.828 160.392 117.197 152.948
117.197 152.948 120.978 151.666
120.978 151.666 121.828 160.392
112.572 159.755 111.163 152.836
111.163 152.836 117.197 152.948
117.197 152.948 112.572 159.755
189.495 31.1032 177.529 33.2128
177.529 33.2128 184.992 13
184.992 13 189.495 31.1032
184.992 13 193.007 13.0065
193.007 13.0065 194.613 20.0827
194.613 20.0827 184.992 13
156.619 13 177.529 33.2128
177.529 33.2128 160.387 65.6611
160.387 65.6611 156.619 13
156.619 13 184.992 13
184.992 13 177.529 33.2128
177.529 33.2128 156.619 13
193.984 47.1226 189.495 31.1032
189.495 31.1032 199.981 24.9645
199.981 24.9645 193.984 47.1226
193.984 47.1226 177.529 33.2128
177.529 33.2128 189.495 31.1032
189.495 31.1032 193.984 47.1226
164.889 141.871 172.57 139.979
172.57 139.979 170.409 145.902
170.409 145.902 164.889 141.871
173.257 134.877 176.047 136.184
176.047 136.184 172.57 139.979
172.57 139.979 173.257 134.877
122.869 132.898 114.86 124.978
114.86 124.978 119.628 116.68
119.628 116.68 122.869 132.898
116.002 132.74 108.701 132.304
108.701 132.304 114.86 124.978
114.86 124.978 116.002 132.74
170.409 145.902 174.946 149.928
174.946 149.928 172.344 151.626
172.344 151.626 170.409 145.902
177.495 148.152 178.035 149.596
178.035 149.596 174.946 149.928
174.946 149.928 177.495 148.152
114.385 135.952 116.002 132.74
116.002 132.74 118.823 134.97
118.823 134.97 114.385 135.952
112.771 134.318 108.701 132.304
108.701 132.304 116.002 132.74
116.002 132.74 112.771 134.318
122.624 145.926 125.955 140.439
125.955 140.439 128.734 146.226
128.734 146.226 122.624 145.926
120.136 143.15 118.823 134.97
118.823 134.97 125.955 140.439
125.955 140.439 120.136 143.15
213.433 65.5616 211.465 63.8611
211.465 63.8611 214.058 64.0735
214.058 64.0735 213.433 65.5616
209.664 65.7374 205.945 65.1033
205.945 65.1033 207.814 60.5229
207.814 60.5229 209.664 65.7374
209.428 48.448 196.111 58.6766
196.111 58.6766 193.984 47.1226
193.984 47.1226 209.428 48.448
200.051 69.7443 186.691 69.3792
186.691 69.3792 196.111 58.6766
196.111 58.6766 200.051 69.7443
90.395 15.1326 87.7614 22.1545
87.7614 22.1545 86.1914 16.1988
86.1914 16.1988 90.395 15.1326
90.1882 74.9418 83.6567 66.4007
83.6567 66.4007 89.6506 61.5172
89.6506 61.5172 90.1882 74.9418
79.7202 71.2283 77.7759 72.524
77.7759 72.524 77.4011 70.9439
77.4011 70.9439 79.7202 71.2283
90.1882 74.9418 81.9936 70.6891
81.9936 70.6891 83.6567 66.4007
83.6567 66.4007 90.1882 74.9418
81.0259 75.2943 77.9984 78.3062
77.9984 78.3062 77.7759 72.524
77.7759 72.524 81.0259 75.2943
75.1501 68.7446 77.1455 66.8227
77.1455 66.8227 76.59 69.5369
76.59 69.5369 75.1501 68.7446
83.6567 66.4007 81.9936 70.6891
81.9936 70.6891 79.5826 68.7491
79.5826 68.7491 83.6567 66.4007
74.1382 61.5074 77.1455 66.8227
77.1455 66.8227 74.5618 65.8229
74.5618 65.8229 74.1382 61.5074
83.6567 66.4007 79.5826 68.7491
79.5826 68.7491 77.1455 66.8227
77.1455 66.8227 83.6567 66.4007
218.185 58.3734 222.556 56.7426
222.556 56.7426 219.837 60.534
219.837 60.534 218.185 58.3734
218.777 54.0063 228.124 49.877
228.124 49.877 222.556 56.7426
222.556 56.7426 218.777 54.0063
132.008 157.962 137.495 138.459
137.495 138.459 153.171 146.542
153.171 146.542 132.008 157.962
128.734 146.226 125.955 140.439
125.955 140.439 137.495 138.459
137.495 138.459 128.734 146.226
120.978 151.666 117.837 149.873
117.837 149.873 119.718 148.354
119.718 148.354 120.978 151.666
117.197 152.948 115.478 149.343
115.478 149.343 117.837 149.873
117.837 149.873 117.197 152.948
207.814 60.5229 210.926 54.9151
210.926 54.9151 212.698 61.3124
212.698 61.3124 207.814 60.5229
209.428 48.448 216.147 48.4765
216.147 48.4765 210.926 54.9151
210.926 54.9151 209.428 48.448
76.6845 57.9975 70.2726 58.7727
70.2726 58.7727 67.7235 51.8694
67.7235 51.8694 76.6845 57.9975
74.1382 61.5074 71.6763 65.077
71.6763 65.077 70.2726 58.7727
70.2726 58.7727 74.1382 61.5074
76.6845 57.9975 74.1382 61.5074
74.1382 61.5074 70.2726 58.7727
70.2726 58.7727 76.6845 57.9975
76.6845 57.9975 77.1455 66.8227
77.1455 66.8227 74.1382 61.5074
74.1382 61.5074 76.6845 57.9975
196.621 111.252 199.267 105.755
199.267 105.755 200.585 108.668
200.585 108.668 196.621 111.252
197.013 103.486 203.303 104.802
203.303 104.802 199.267 105.755
199.267 105.755 197.013 103.486
196.111 58.6766 207.814 60.5229
207.814 60.5229 205.945 65.1033
205.945 65.1033 196.111 58.6766
196.111 58.6766 210.926 54.9151
210.926 54.9151 207.814 60.5229
207.814 60.5229 196.111 58.6766
161.403 180.389 167.175 160.641
167.175 160.641 178.443 165.836
178.443 165.836 161.403 180.389
161.403 180.389 148.949 164.039
148.949 164.039 167.175 160.641
167.175 160.641 161.403 180.389
199.932 114.852 199.403 117.747
199.403 117.747 197.697 113.585
197.697 113.585 199.932 114.852
192.575 112.442 195.036 118.445
195.036 118.445 190.973 120.192
190.973 120.192 192.575 112.442
197.697 113.585 199.403 117.747
199.403 117.747 195.036 118.445
195.036 118.445 197.697 113.585
164.311 116.37 163.488 131.692
163.488 131.692 146.912 120.585
146.912 120.585 164.311 116.37
173.341 128.776 173.257 134.877
173.257 134.877 163.488 131.692
163.488 131.692 173.341 128.776
171.687 102.916 164.311 116.37
164.311 116.37 146.912 120.585
146.912 120.585 171.687 102.916
171.687 102.916 185.018 110.756
185.018 110.756 164.311 116.37
164.311 116.37 171.687 102.916
112.572 159.755 121.828 160.392
121.828 160.392 115.315 166.261
115.315 166.261 112.572 159.755
120.978 151.666 132.008 157.962
132.008 157.962 121.828 160.392
121.828 160.392 120.978 151.666
79.5826 68.7491 79.7202 71.2283
79.7202 71.2283 77.4011 70.9439
77.4011 70.9439 79.5826 68.7491
81.9936 70.6891 81.0259 75.2943
81.0259 75.2943 79.7202 71.2283
79.7202 71.2283 81.9936 70.6891
90.1882 74.9418 81.0259 75.2943
81.0259 75.2943 81.9936 70.6891
81.9936 70.6891 90.1882 74.9418
90.1882 74.9418 84.9212 82.2375
84.9212 82.2375 81.0259 75.2943
81.0259 75.2943 90.1882 74.9418
77.9984 78.3062 84.9212 82.2375
84.9212 82.2375 78.0001 86.1719
78.0001 86.1719 77.9984 78.3062
90.1882 74.9418 95.6818 89.2872
95.6818 89.2872 84.9212 82.2375
84.9212 82.2375 90.1882 74.9418
