455 160
-376 190
-217 -16
-3 271
236 -137
-337 -11
646 179
-391 -489
-556 -47
-24 -221
398 478
-439 -582
157 150
-339 151
271 156
615 284
-648 9
61 158
-307 -105
486 -15
-110 -168
284 -145
-329 611
-503 -115
358 -296
-650 583
128 -413
58 669
-551 -682
176 -3
585 554
-524 -628
-404 -354
311 319
124 612
-407 -161
-658 -241
-393 316
627 442
261 537
167 -355
-547 -592
55 -615
-543 -145
582 -73
173 684
25 675
329 -667
253 535
-291 -341
-587 -651
-667 312
-560 524
384 -354
577 664
-228 -230
-407 -397
76 -487
-301 536
-283 121
46 234
-395 -125
57 384
-524 112
-199 291
-400 674
494 -309
-620 -52
-385 295
72 500
-477 276
599 -224
475 -247
-652 399
-188 576
191 -694
480 -586
167 410
-257 311
680 588
-494 -316
-601 -430
537 -442
-141 651
-187 656
-465 343
360 -688
-139 547
132 622
-59 580
410 344
-450 -254
-564 669
-340 -286
-51 -376
-509 -671
-521 136
-37 269
172 174
260 -146
529 -50
-588 -682
-615 -558
207 -164
70 595
630 415
245 617
-237 137
50 -323
428 650
233 533
318 -297
80 624
259 -165
-663 -365
-41 316
-292 -365
-184 -623
-276 307
-292 -677
640 640
536 673
397 139
150 -264
-158 343
350 -206
-539 108
-640 -529
-580 476
-176 -326
559 -700
-644 -506
308 -675
66 -144
-694 83
-43 -154
-358 413
482 -232
682 126
-42 -202
-619 491
-382 603
-344 -401
274 320
-243 -60
-62 -324
637 -62
178 -397
-62 -484
355 -636
-477 249
-326 311
460 -647
237 -106
-387 -238
-276 -700
-255 -39
130 -324
-654 -684
-661 35
266 -649
-312 -696
101 21
105 -213
-178 266
651 -244
-632 -9
-566 -387
294 -474
440 323
36 -698
175 -480
-497 385
-645 -643
-614 380
28 327
371 -602
-133 -129
-122 -115
378 -514
-231 278
129 -600
463 -173
270 -519
-344 -22
372 -667
-440 603
264 -540
-33 642
-424 -97
202 478
668 -164
577 289
-358 -272
464 -158
461 -163
-471 -257
237 441
633 -354
605 233
178 -458
-79 -410
-134 161
-602 688
-630 269
7 -520
-183 -532
-220 562
538 -216
190 211
-349 -165
-559 -1
-289 606
-599 -130
599 -160
456 -49
372 -326
-418 -338
-639 -560
-22 -573
-178 554
-624 603
-17 244
-28 602
-409 499
-74 528
-169 49
-337 564
-532 -133
546 119
648 473
558 -453
-433 213
459 267
484 672
659 332
-515 73
652 -507
357 -265
411 315
-144 66
107 72
-404 -532
294 -683
167 478
515 -131
67 -424
-392 492
-695 257
-238 567
213 -672
-541 222
-698 -14
675 -480
121 -123
-678 317
334 -428
628 306
435 116
-137 505
359 -426
81 479
210 151
694 50
-21 348
640 434
-181 -518
-689 -162
-368 -692
260 -269
564 -562
152 -143
-257 -374
330 79
602 281
-415 536
-586 -19
-201 349
292 668
623 -283
566 -545
120 186
-427 -156
281 -346
517 472
528 -418
534 -343
374 -690
-451 620
589 45
154 194
-267 315
579 -423
-5 560
-335 104
-237 150
288 266
32 553
413 159
353 438
580 135
-690 -454
-152 48
451 444
-202 234
324 174
644 -15
-325 -664
85 -341
-667 -162
576 -397
75 -236
-549 485
-552 -658
42 -422
-330 148
93 334
343 -66
688 585
-664 28
524 699
-672 -254
390 -244
330 -638
-554 -357
-378 -446
75 244
39 -193
-522 439
17 -462
-372 519
-599 -422
-120 664
-430 106
-264 -179
-459 117
606 -695
536 151
-222 76
10 478
-107 -400
478 -447
-191 -19
294 -449
72 -327
-509 372
-93 -228
602 -489
-691 540
544 135
502 -692
665 -265
3 122
453 -441
-410 -479
21 534
370 -612
420 -435
691 -500
537 -35
-213 356
165 84
-257 -70
56 -372
-300 -7
688 500
468 -35
-299 131
629 575
694 218
444 -334
-680 473
637 613
545 293
663 -310
656 -487
526 -331
-393 162
-464 153
-533 -665
389 -24
572 -671
576 -678
-568 -520
-389 -688
684 318
-14 361
-138 -432
-129 508
589 353
-530 279
162 17
-63 -345
195 271
-481 -159
-100 2
392 697
-335 495
204 137
-269 -378
-379 -203
-417 -403
466 -580
-147 -383
30 -279
62 -94
56 362
-145 -33
156 -663
-426 -46
18 -6
75 -339
677 180
17 -387
-305 75
661 -675
-13 -587
-306 206
-237 196
-75 -650
-45 387
183 -177
430 109
-104 -494
463 626
-61 563
98 451
-265 535
493 -96
348 11
-511 -160
511 -418
-587 401
562 202
53 113
335 23
-130 532
-290 289
-170 -114
-499 515
-142 187
-416 -301
-512 -147
217 112
-98 -529
-279 129
-142 -232
-8 584
523 17
-462 624
16 -670
-437 -182
-320 -374
-60 -602
-135 -266
45 360
653 372
-51 -695
-22 -688
513 640
-215 -337
-263 -616
378 698
273 284
589 373
-385 688
660 177
480 17
671 334
280 424
272 -371
257 -493
113 -315
-21 637
130 140
70 464
439 -615
108 -129
-415 -488
482 256
196 301
456 322
-239 452
-585 -340
-651 -496
178 -481
90 315
193 420
212 350
-206 -240
-266 -311
496 -681
-394 -403
-551 199
615 -280
-366 447
214 -183
102 -401
-41 -444
151 313
32 -328
220 545
686 -25
-469 482
-153 -90
-447 489
-184 278
-344 -227
48 -358
-216 519
-260 -261
570 222
628 424
568 -698
-170 497
233 210
554 -211
236 -624
-634 363
642 213
659 -370
25 576
663 533
70 187
-260 -214
115 -273
592 -376
-111 79
-561 -221
-593 -472
-289 315
460 -193
-134 -535
58 -669
529 629
484 -179
374 -273
49 -642
-669 -156
-15 616
273 379
575 231
-324 465
512 -23
-339 394
115 -53
640 -79
-143 -410
-600 362
431 -325
575 -98
-422 115
-534 502
-358 514
539 76
-230 276
121 158
-18 384
-546 220
-314 436
96 -203
59 113
386 -404
-128 609
3 257
171 -185
504 -259
-5 -338
-211 -186
259 -532
-391 -340
-584 647
-293 -85
-312 385
560 -414
148 -264
55 371
584 -542
-346 -139
-392 271
541 -146
101 439
579 244
-464 654
-183 638
597 188
660 -498
244 -430
535 226
-579 -558
656 -237
626 654
-599 654
-295 -516
-190 -534
329 481
125 -96
-579 411
-501 -487
656 -549
-595 -131
-40 355
-492 -696
-475 -356
-107 -214
348 -556
608 -649
303 -170
-352 100
247 -351
656 203
389 638
651 417
-699 -124
293 318
-164 -594
-248 92
-341 -240
-630 411
-508 -698
85 -651
-523 454
-290 -274
-45 326
-245 -82
41 649
423 434
297 -698
63 615
-414 -47
-646 65
-389 -337
-452 -261
-89 308
228 -401
-231 31
559 281
593 -384
156 -641
248 472
66 4
-240 258
-290 -147
456 -471
-78 379
-401 -325
210 -269
-354 -36
-608 -398
-389 677
195 620
-133 -281
-613 -161
-48 387
641 -237
371 -277
341 606
684 30
47 629
-512 168
66 -323
-470 -80
621 -37
-243 311
-700 -312
456 -570
319 122
-509 -386
-118 -433
17 197
-611 155
-593 328
-548 659
-636 -268
-535 98
-423 -470
-512 -339
-85 11
-420 -621
519 -97
672 359
21 36
81 328
200 -443
-222 224
493 561
623 -316
258 366
-377 -548
-39 373
-276 300
564 423
228 434
195 -287
109 -671
-100 -668
-444 661
-181 -55
455 295
-453 251
-180 164
291 -236
-263 505
-148 -123
262 -575
-590 608
-80 -157
-623 -520
-457 -611
-414 -228
298 -562
-610 319
81 -269
-526 116
-245 152
-525 -104
-359 17
-500 -656
50 -23
-490 -539
153 -526
288 69
77 -194
-129 -204
-33 -393
-689 -589
-231 -470
-430 111
-339 -143
313 -579
587 528
-151 -515
-49 -592
176 412
-14 691
-392 583
-496 -321
-126 500
355 -193
191 563
390 317
67 -602
-356 501
-221 -379
121 310
-496 245
-471 -542
-107 -263
-520 545
-578 25
-534 -120
145 498
132 208
-7 -674
-654 228
72 134
-622 538
-211 -187
41 118
111 583
509 -380
161 82
251 -587
-146 4
2 387
510 -683
-360 576
-654 694
203 180
-292 -22
-62 294
275 220
-315 509
-442 -519
-486 246
-546 0
82 33
97 -361
-437 264
436 463
479 -648
57 -430
93 451
-174 116
-161 -364
-476 -663
-445 -572
47 29
110 -315
-75 170
-186 -338
-351 -635
614 -50
-293 65
-600 -676
-263 -647
118 -130
319 -24
-23 -392
-110 -293
502 -464
-279 -543
-650 -208
-35 -366
268 -421
-485 -674
557 -164
-600 167
-69 -477
-580 -142
-398 537
506 506
607 566
223 -698
509 361
569 403
10 360
314 -523
-223 -416
-75 -638
593 655
96 -689
359 512
-470 559
-529 392
-289 457
-463 519
-478 218
-278 -456
442 396
503 -380
-320 69
57 -693
-568 -494
-10 5
-250 -691
364 -471
675 -476
-100 276
488 85
-476 -484
258 383
-459 -243
-81 114
-618 -500
-281 386
273 402
-529 232
93 -469
-294 -462
-197 527
-15 -173
509 -663
565 118
-4 -426
113 -17
-207 -192
-619 -301
614 340
-47 145
-475 377
471 441
-567 -509
-459 -388
645 70
481 539
-262 -578
533 -667
-292 238
-11 516
-409 496
-498 -441
-602 69
-622 277
-44 661
41 -576
639 -288
426 -624
-639 78
514 26
-311 317
-300 -272
-159 -599
-477 170
521 473
-524 590
-3 32
-626 -228
-326 -552
46 541
-633 446
-345 -410
90 -142
415 87
168 221
-424 -351
520 16
156 -506
-6 -254
570 211
-108 -494
161 356
126 406
-190 -49
-593 -580
132 420
-89 -337
-142 347
263 -115
-89 542
-171 446
-604 -511
-620 135
-391 407
-620 503
-349 -145
-522 -47
-411 -25
-182 452
-622 -321
428 408
81 25
517 -422
202 559
158 -479
129 294
658 -446
609 -590
60 289
-470 419
-225 -271
197 -506
-179 -250
111 -514
-382 601
-99 -596
353 691
120 -692
-585 597
-399 219
423 -56
622 -130
558 -87
-467 -123
-400 -649
-536 -448
-541 -688
233 688
10 -16
-648 -95
164 -444
-236 -698
-417 566
-321 70
-602 -38
220 446
-277 -80
453 -625
-463 -374
248 -623
-511 -87
-174 -320
-657 -588
471 -346
518 433
-256 161
-302 422
-226 678
-140 153
-106 54
-237 -385
-346 688
-496 235
-441 -72
-597 367
555 63
365 -681
-23 18
437 124
414 -97
-169 391
126 461
490 -457
-204 363
-151 188
14 -52
-668 36
-683 690
328 -209
-685 257
-476 -418
-418 -387
581 601
-420 -337
-51 -487
327 -357
55 339
-621 589
-122 -370
-683 -50
-138 663
423 -247
699 -21
-583 -645
-327 116
-262 370
540 216
544 469
-127 407
612 -483
-579 83
625 443
172 12
622 210
-468 -299
-318 -339
-108 -47
448 -652
-145 363
619 83
301 -12
52 684
-181 -147
-151 -233
194 -592
16 366
-642 338
253 -34
-280 -500
584 -605
-178 -462
-637 -22
-87 -677
-542 -147
-681 -189
-157 -165
-381 -331
-176 -170
-670 -619
531 -599
110 29
417 74
400 -146
10 -196
-118 641
-31 64
115 -570
-481 581
454 -442
-76 -227
349 -52
-200 66
50 -487
591 217
607 456
476 -667
671 -554
-593 544
-348 374
321 -690
689 -235
615 650
443 -663
366 308
-548 -441
-369 251
-168 -426
595 560
-196 222
600 195
-53 469
564 83
107 -45
-311 496
-352 -52
-166 -470
-377 -282
-323 -9
-426 251
81 225
466 249
34 -489
88 185
-13 262
-696 53
-196 -602
519 685
-668 -71
268 307
72 -374
-307 -642
-380 411
315 332
209 -390
572 -228
96 -236
-1 -693
-170 689
-99 -116
393 -453
-514 -683
-102 402
-15 -496
-293 249
-119 136
275 -257
-244 -107
-192 -82
-355 697
276 -496
165 -669
-501 579
-427 -508
555 634
423 -487
221 -385
438 -488
83 325
-525 -274
43 483
193 600
19 -2
-365 -23
-115 -579
-227 251
517 651
553 601
-464 -144
691 21
-112 -31
670 678
302 -6
264 -316
-665 -199
251 -377
545 -507
-402 -460
-329 -577
364 -63
628 279
43 188
477 -30
360 422
-54 -158
-495 -370
-554 31
-510 -108
-308 -587
380 674
-531 174
-525 506
-353 -191
-161 -348
-664 -574
574 302
204 -619
-217 -446
43 -139
50 338
-177 546
-585 -625
356 67
-500 -230
-128 487
522 -566
109 130
306 -616
-395 -514
108 -216
-274 -672
129 441
-226 -491
234 -19
-592 -499
447 -139
119 -265
-395 663
683 605
610 330
-22 264
106 44
353 471
-696 -327
634 -627
413 -297
-72 -271
124 488
-183 641
386 655
508 481
-288 -426
-557 -591
-493 224
-598 613
-499 427
-663 289
197 -104
470 -92
125 -307
-529 348
-390 -166
-97 -597
657 252
174 -15
-520 583
-18 -534
-269 -1
-605 424
-63 -664
-574 76
518 252
-298 129
177 -427
207 362
-440 196
612 -346
-661 649
218 72
-313 572
309 -492
-195 -44
-154 -266
-534 -378
-202 37
-577 504
-189 521
-565 -634
-352 -615
208 12
-350 -264
99 205
-224 688
88 476
82 -297
606 -270
-691 -230
263 151
-75 -57
467 236
-467 -305
-155 -152
-348 252
566 633
440 447
168 -299
591 -26
-402 -182
403 -684
-206 531
-690 41
-58 -692
87 531
-256 136
347 -539
-608 504
-360 575
-301 -561
317 254
181 -148
-362 405
187 280
-169 668
207 -671
-569 -207
575 -154
559 -660
183 523
-158 -424
-386 327
-649 -234
559 -140
-355 515
-606 343
152 -314
290 -503
553 275
-193 -155
378 -149
-553 -461
113 239
32 -492
660 -366
322 -201
-97 583
-173 -437
514 516
-278 -98
671 -419
-112 302
338 -444
-68 -562
-310 -33
222 475
-321 506
-562 351
36 -97
-314 -442
382 -229
13 -640
-483 531
14 -466
188 -418
-536 -329
92 -163
-673 -315
-130 448
-621 52
-88 -45
639 -693
558 122
428 -361
-267 -576
-401 124
573 -162
409 -299
-171 -247
358 -482
-468 -291
-599 375
-323 -599
-571 612
9 -541
-434 -13
-228 -130
513 262
545 1
2 545
-329 -262
389 550
-416 371
-1 119
167 547
-107 -588
-254 -376
117 -210
249 627
-28 523
-434 -571
431 59
245 -623
-146 609
574 -639
-226 551
-64 414
-449 3
-560 650
469 150
-214 -360
130 600
103 695
60 -700
593 -573
-158 9
-117 276
77 451
532 -469
13 -585
525 626
626 -697
-64 -125
-668 237
-292 100
-331 -470
367 -647
333 617
-613 538
-258 -648
-620 -161
-423 -249
-152 -470
-496 -643
592 284
-170 255
15 -334
-364 321
-424 -359
-306 -278
-3 256
349 467
-155 -499
-554 457
-515 -286
-189 635
-61 33
264 -618
-209 502
-456 -369
-294 -652
57 664
403 -237
-682 -505
-520 -135
316 387
-614 566
-241 73
-19 -372
597 326
358 326
443 -427
-75 440
-129 -549
77 -392
598 -662
-686 332
-538 195
290 -388
615 215
-105 -447
-10 8
100 55
-518 691
494 -162
162 -311
77 -409
550 -474
-317 349
-18 601
-548 -383
-472 -458
-657 -429
430 -112
-20 -282
670 211
-402 548
-276 385
467 -407
629 -126
-143 532
-467 -238
-181 467
-292 158
581 215
-635 -113
596 -232
599 410
-350 130
559 -265
688 -104
93 -319
-516 215
510 -531
-578 199
-318 -426
670 -395
-481 -688
-32 196
126 -332
546 -650
100 -212
669 318
340 384
-590 599
-334 647
303 674
459 -142
74 -452
-612 -235
-122 494
520 15
-444 -286
-226 -3
115 362
210 658
458 -670
-213 337
198 529
-123 334
-40 -132
48 258
384 -75
640 -19
680 138
-186 497
586 120
-449 -611
595 -127
-628 191
460 -676
434 102
-273 628
-662 -50
623 683
-661 -27
291 -383
351 486
604 167
476 324
-595 -631
-676 145
35 524
319 23
-76 -36
431 23
109 -478
268 209
183 -493
-351 499
625 332
-481 349
420 420
304 236
371 -437
471 565
673 522
-58 37
160 -597
-232 286
39 -405
24 -291
-93 476
-414 322
-86 96
-367 576
20 610
-360 477
-582 87
-380 468
268 -482
697 17
-395 436
-299 493
-166 -373
-598 147
-309 -236
504 81
177 -686
322 27
-567 -487
416 220
103 -305
-107 -121
487 314
-342 -610
-481 186
-78 464
-695 -120
287 480
504 583
-235 -493
-511 673
270 -437
-387 613
614 -326
275 -624
7 -400
-325 -422
568 545
544 595
625 -199
-643 -370
683 -574
-260 -348
534 191
-277 -172
626 -655
-31 -591
-327 -6
15 389
661 -184
-599 -635
31 -235
-457 692
120 468
-497 420
-85 86
-346 522
10 526
-369 242
656 -398
-413 -692
-609 572
-414 -171
-421 503
-104 440
231 -419
-437 -18
-138 448
556 284
-99 -456
-300 -427
-633 -451
57 119
-160 590
426 -326
287 -391
-1 -330
-3 667
-212 -388
-565 570
-265 -392
588 -303
600 -203
-610 76
-31 210
567 141
294 364
-595 -186
519 -284
502 48
92 690
-127 -205
600 -222
613 -417
248 366
73 595
94 -20
332 -308
-255 -94
454 -608
-153 -593
-498 58
70 -197
-435 57
200 -343
-38 -467
-675 -628
112 98
541 609
373 -560
-306 -468
-227 -335
434 421
-441 -99
589 563
373 -245
-506 -247
90 137
236 -79
503 -459
-565 695
182 445
-458 -113
-285 -596
-153 -86
-89 62
413 -428
127 -546
-306 241
165 29
-691 -478
85 -450
485 475
-53 -248
223 551
-245 -148
0 -171
-376 -41
119 4
-390 58
-19 -211
-6 -192
-450 449
215 -512
519 -573
-322 -284
-687 430
-59 313
541 -158
-111 -384
-81 115
137 -444
344 635
218 -651
623 282
404 -580
216 547
-483 -488
304 -384
-371 480
-568 112
226 -62
224 -640
-291 564
-347 -96
-4 -455
-595 -433
553 678
91 -430
-213 693
-625 -391
-373 -294
432 370
-518 204
-100 -141
177 -138
-577 74
401 -57
-70 -17
-27 46
654 -516
484 -446
-215 -413
683 -6
304 233
227 -160
-610 -30
350 419
548 693
-152 -211
-310 -247
284 186
-372 600
28 -254
-160 -205
-403 521
551 654
530 -667
386 318
496 231
688 -632
426 406
205 275
-235 544
525 25
-121 571
-223 138
-244 459
320 626
465 -132
154 -44
-35 203
593 31
12 -360
161 496
470 7
154 -537
-592 383
-116 566
-223 593
-470 88
335 61
-375 -649
-518 306
-381 329
-198 198
695 219
437 -107
100 -26
-524 36
-650 -15
502 256
-377 -177
-35 -110
10 -525
608 -10
-428 -319
408 173
-277 -81
335 -560
676 332
-107 293
344 -465
661 479
-433 -645
-440 585
88 -486
-95 299
54 423
481 424
-441 -399
459 519
-366 549
258 -47
-385 -102
-503 -110
-276 571
460 484
-428 -655
-602 -432
98 559
210 -113
-105 -198
205 680
480 -544
-220 50
-332 432
-214 -188
405 -453
-123 354
-396 177
42 675
-534 559
221 -630
444 287
158 -678
302 -55
-503 -155
156 -367
116 590
277 289
-154 397
225 88
-178 -476
116 -157
185 32
147 499
-615 -198
-153 -49
-302 518
144 195
534 587
531 -79
660 -500
439 584
-307 447
-308 2
-569 540
213 50
685 -40
104 -19
575 379
-36 -192
525 358
586 251
74 433
-585 565
335 628
609 -328
-227 -204
-25 61
679 -383
414 587
-80 -250
-663 125
473 -152
649 -214
-35 -646
-674 673
-552 -344
308 307
-435 -509
25 83
183 469
134 -76
-261 -355
-451 499
-268 621
-294 -19
-273 602
292 -415
-464 -332
-466 625
476 191
-167 357
217 -440
-51 -56
-413 236
0 535
120 46
413 -112
494 -137
-696 423
-77 -101
-95 -369
469 -255
367 -73
404 251
-80 378
-139 456
-394 356
-688 54
-388 266
556 115
-479 -199
433 -314
292 -519
-426 370
-159 627
-460 411
-246 561
227 459
-462 -690
556 287
-594 438
470 454
-243 454
197 642
314 551
-384 146
327 -49
-575 -498
323 -399
-621 -379
551 -74
-345 172
574 612
-553 664
-628 390
-313 478
401 372
289 424
-643 468
416 611
310 -303
-617 183
-385 -277
-414 527
572 -377
-659 209
-117 -31
-380 -520
-211 263
-493 -384
-602 -353
-289 -615
320 196
-68 -288
-401 509
297 -94
-439 71
33 283
340 380
-285 247
268 -668
-404 -106
109 163
171 -411
198 442
-314 -694
127 594
251 120
516 -233
-151 -436
-366 682
416 -609
338 25
-90 -394
612 379
-4 398
-443 -474
-496 44
-508 -92
324 -428
-126 -578
191 263
-232 303
651 -285
-379 524
-249 598
471 553
197 -286
186 552
558 616
399 -393
597 574
-545 583
266 258
385 604
-352 -580
-536 650
536 151
352 -228
-65 -247
-630 -453
54 564
-58 517
-383 211
-248 291
-14 -456
-137 -656
534 453
-382 -609
640 -190
299 276
-379 615
224 -378
24 506
-400 -269
-657 507
140 -604
-698 -314
270 163
562 -263
597 259
232 695
449 -234
471 332
-523 -588
-476 138
571 611
-524 219
-484 378
-201 -568
455 635
-469 -199
-150 544
639 -474
-65 -91
441 302
121 518
-462 173
-665 210
488 331
-96 -208
676 -445
-376 -343
94 154
74 -465
-603 -263
-378 -396
3 315
-475 -26
-527 -389
675 -366
-593 -200
227 -426
174 490
17 -525
-486 -214
-156 -445
690 509
-557 223
-199 -678
-358 588
458 228
-139 183
-320 577
-604 679
316 -28
-49 -222
-438 680
364 578
614 -410
-249 -279
-173 -479
-15 363
-644 48
500 -452
-289 -485
-363 -654
-314 -310
-381 347
-304 -493
304 498
-360 -254
-418 -322
460 -691
-549 395
-575 121
-120 37
588 -121
-650 -134
500 227
-174 -368
350 647
-149 -408
49 -661
73 297
-228 272
-504 -617
485 -595
-91 -203
236 -23
385 -336
342 -366
276 -194
-194 -106
676 584
209 503
-59 -332
-40 180
115 -610
-684 -241
-514 -305
141 265
693 494
691 -76
-497 591
-495 -510
-635 -263
-65 -446
-436 637
239 612
570 451
306 -563
-73 279
-700 -700
302 316
421 109
515 471
-383 -538
-177 -128
-405 -319
450 -252
-299 -222
504 -121
-629 369
-336 -296
-439 -463
-119 -219
-655 -278
-683 681
-358 -459
-245 -413
-603 583
-161 41
-198 159
-411 436
35 -478
-266 -283
271 -249
82 633
-86 575
-417 609
-638 695
-504 -403
213 361
74 -446
-558 -536
699 -630
509 -93
195 355
7 -29
-368 482
445 -32
92 -127
647 377
-510 -417
-404 3
-382 511
-220 -507
648 236
294 289
412 -229
-60 -356
325 273
587 -150
-257 255
95 -596
-329 419
-305 339
556 153
-59 178
161 -471
481 655
560 -597
670 -174
-159 -623
172 609
139 299
88 -389
-198 -583
-71 411
202 12
180 -688
-5 -602
83 -677
309 524
-519 -8
-634 -520
-303 265
290 636
167 79
-518 -388
-569 -134
656 403
-42 115
-494 -599
630 -400
-187 459
-211 -496
403 83
143 -216
696 -190
11 -651
-550 291
-460 -390
-625 290
25 -180
-172 -523
-281 172
451 -94
398 -539
684 433
417 656
375 491
-470 -124
168 251
-659 -551
452 235
-277 -209
-268 163
-662 498
280 606
-557 369
566 453
-547 -625
435 -240
312 -631
-104 -463
484 -510
513 660
-269 108
-566 621
340 487
-398 -184
161 -681
-427 502
-84 208
589 487
405 637
633 -565
-625 27
-520 -187
-52 -585
-697 -254
-378 351
138 -114
-168 271
656 -175
-532 -334
-238 -336
582 -348
-491 102
-568 -106
-523 229
-457 -414
668 159
-466 -153
-284 -358
106 -169
-255 -228
391 159
491 146
89 -82
-142 7
188 -406
203 -516
224 -504
-453 -173
343 338
-55 160
473 -106
-616 74
75 428
-476 -618
-133 -504
134 -131
679 -335
-669 647
-658 657
-686 88
-106 -553
-443 -422
544 -391
567 -677
474 -235
-152 33
323 698
605 -693
140 -70
-285 -535
525 179
-12 -129
-90 -137
-621 590
311 -16
-675 -565
313 568
546 508
447 -296
162 312
279 -33
603 -369
-426 86
58 -470
-461 -447
-113 -516
562 -464
534 625
-428 -289
443 38
668 211
-554 625
-362 342
-89 66
-349 -155
428 498
-520 -128
-687 -438
-480 697
-321 -240
446 -439
-168 -106
-464 343
538 -244
417 74
-542 -385
566 -158
-469 -319
91 -279
191 -598
-474 184
-700 -609
-404 -521
-293 -101
570 -339
45 -540
-465 193
-505 311
361 -440
208 62
-299 -480
-319 505
-429 492
44 35
-471 -407
175 230
590 392
659 17
578 -442
672 441
53 -512
108 166
-219 -645
-116 80
-540 666
362 593
72 -383
-473 557
-531 -294
-478 -33
408 -50
-582 -475
245 -73
-279 512
-588 -589
-415 149
575 547
-309 -601
-248 -611
-74 -328
240 -33
-683 541
-149 -627
101 146
-510 676
-355 134
-584 152
-410 -408
-230 -269
181 -278
481 -17
-386 -587
-606 -642
59 -146
688 344
406 -145
495 245
508 -495
-316 531
466 208
252 -318
164 -329
74 -202
-509 -74
165 -563
-697 -295
-399 -118
-386 283
-84 -207
20 171
556 -333
635 -10
-72 476
100 637
620 268
143 576
649 355
-528 658
132 89
43 -513
-122 429
-536 -100
-580 -77
338 638
463 211
85 -298
-306 -488
646 -533
-637 -578
-624 -375
-356 504
508 -327
131 -583
-632 552
544 -71
123 -236
-163 242
-24 -412
-382 292
-111 -513
-94 461
542 -656
-331 301
399 -359
-432 394
-650 478
530 255
-504 -677
625 -462
-539 624
692 126
469 -565
386 134
-338 -673
275 -293
-68 -539
-403 440
-248 440
-86 427
573 -115
463 -473
-586 -526
-72 176
-301 -626
675 -153
-34 18
-206 -545
41 -249
-379 47
451 -176
167 -639
-213 160
-529 -134
51 -289
-573 450
376 -87
-16 -562
137 -224
-387 -539
535 -597
-360 352
4 31
529 566
-41 -323
-482 278
678 -308
174 78
-203 41
282 211
446 -117
673 -230
569 524
515 -497
-409 -347
-471 604
473 -151
498 -211
439 662
-455 -127
661 -385
-499 643
688 493
137 -143
-334 654
-339 -331
-278 239
348 523
-392 582
489 546
655 -509
-549 -130
148 -519
304 573
-362 -137
321 465
-18 -572
-454 477
-535 34
598 -604
-181 -614
-576 150
335 160
-251 276
-532 648
-280 -154
386 649
389 195
78 690
34 177
-319 458
571 -538
-424 -196
142 -530
-600 -669
-34 -67
-528 306
-597 -281
316 616
2 -58
86 441
241 69
-489 168
-186 -53
-425 -532
609 -207
-414 120
638 391
460 328
-473 -636
125 -455
378 -195
0 256
511 -672
-31 -650
-163 -239
453 -590
-435 -499
-633 -569
-466 269
376 199
-133 397
110 32
698 -18
-399 311
-177 552
482 -517
208 -444
-700 267
-558 -287
207 682
-524 517
586 -471
218 679
-638 534
-515 539
-359 564
361 -579
-480 -445
-641 -599
-505 -71
332 186
-652 -503
426 -334
-341 -37
-123 -534
-250 149
681 -174
693 272
-318 -205
-185 685
-261 635
585 -366
427 -583
54 -672
397 281
-536 183
608 498
-154 -484
-97 -586
-642 -431
-159 330
-411 -443
-294 7
301 -561
147 -439
-618 301
-367 -458
-383 -119
618 -648
360 -433
685 30
-454 136
-383 -656
101 -653
-162 -278
-67 -700
444 203
229 69
-359 -314
-565 420
-409 240
696 -587
565 -453
-232 -166
-500 251
-41 368
293 -112
277 -20
-55 531
252 -490
-663 308
-257 -68
511 435
-627 -686
77 221
238 209
-395 217
-571 -138
-128 340
327 284
-477 -142
115 572
262 -66
114 468
223 652
473 101
663 565
-428 42
-317 -374
406 142
398 -459
15 253
61 -636
260 -266
587 -121
205 -481
317 -363
-141 -270
-239 -118
505 415
-101 323
-420 -303
616 389
-170 693
-185 138
583 -360
692 581
-411 65
-18 -431
78 327
-28 -571
-357 588
-468 -565
-296 338
324 250
-279 597
637 -56
-201 -183
28 -125
546 -651
-54 -390
1 113
311 575
281 -548
42 312
-293 585
-372 454
-135 98
663 590
465 5
521 -209
-142 -450
-683 266
-241 -106
-437 -375
547 467
198 273
-636 640
-161 97
-70 182
-240 -280
617 426
116 458
622 289
-379 324
-633 -150
-682 296
-162 307
67 467
-202 -497
-19 477
-58 398
106 208
-585 445
524 189
201 -449
304 211
651 484
467 513
458 -542
136 -154
673 569
549 695
434 -237
-569 -231
332 -236
-54 104
438 -10
590 -449
107 32
118 161
-114 184
-237 655
223 135
72 -342
38 -132
583 452
592 -61
-523 114
385 -161
-199 -547
377 -555
-382 -518
-7 -484
-550 -642
31 618
-467 -171
160 232
367 541
358 601
-139 -25
-614 -161
-414 -410
100 -185
-99 -678
-287 -50
-647 319
427 523
-442 -174
695 -154
-498 -364
356 458
-182 347
464 112
133 -555
-681 148
25 110
-186 -613
-311 -173
252 -75
383 -145
34 376
-689 -681
-115 653
420 18
-246 -121
-654 483
585 -40
-685 -567
-443 -338
429 94
-389 -545
588 615
328 -39
580 -380
440 -650
-382 -447
-211 -579
316 492
-675 435
-635 -256
-401 204
62 377
303 205
-695 81
24 156
600 274
-687 443
6 -556
-477 464
-301 9
402 640
-498 392
674 190
-378 663
196 -218
650 293
624 -521
482 687
-339 -80
597 449
-392 58
-556 351
-390 -385
-329 124
117 -167
334 -678
-657 366
-509 83
-192 442
-233 113
353 -683
-607 -175
309 -17
518 -499
-275 -623
501 -231
-426 -474
-661 214
61 315
-65 478
-313 -206
422 175
-686 269
313 -356
-160 201
-363 -264
493 640
652 -196
-42 660
330 26
-372 393
59 -557
-286 -150
-421 671
-565 167
454 -29
200 -426
681 -368
-95 7
-8 25
201 620
-230 252
255 -368
346 -643
-598 183
631 -344
-52 463
-690 -594
275 78
-290 -183
172 -260
412 539
-120 658
680 -84
444 211
-248 -117
-12 346
380 -633
-152 -116
-174 -442
-543 583
411 -195
469 291
93 665
-575 -144
354 -266
-545 313
529 -450
209 -240
236 -68
604 -271
-486 -527
680 -13
5 471
-441 -204
-290 541
604 556
-520 -294
182 -634
-686 -603
597 -646
-111 -212
637 246
222 -357
625 -513
283 -192
97 618
-668 -139
54 -689
492 573
-19 185
-83 -117
675 191
-140 647
352 79
444 682
375 -93
-262 -300
149 540
-695 -236
192 -57
-265 24
74 45
-641 341
542 -481
305 -127
346 42
159 695
-339 -129
-375 332
-213 -26
-213 -264
302 612
-395 110
-504 -422
-605 -377
95 393
-545 11
328 -478
-116 450
-305 403
-140 -245
-339 -665
588 691
-21 -292
197 488
-170 635
175 678
147 556
-254 -486
-347 -215
541 -563
613 -437
-542 691
426 -390
-111 -76
329 81
-483 -581
342 448
-252 621
-268 111
-118 660
-63 159
112 -571
-434 -309
-167 -177
-27 663
-178 -642
-621 376
538 -298
-23 -124
-408 -429
-186 -229
-644 424
343 574
519 607
321 647
-537 -615
-699 -111
-138 286
-458 -334
50 -329
-152 -370
13 41
121 445
406 69
292 -232
176 135
475 416
537 -653
493 416
-555 439
-71 -220
-556 277
-6 178
-175 -129
379 151
-267 -256
109 -155
-436 680
286 -652
390 -128
-36 -289
688 -505
-501 -680
4 116
-605 -9
206 109
37 167
9 608
-113 121
234 120
343 -548
434 515
-36 413
-486 401
315 -508
-470 343
-447 -256
-558 236
692 252
-19 315
-73 25
-157 115
613 -274
190 540
-267 398
15 67
-449 633
17 -257
63 -515
-626 -331
-297 -658
218 265
-38 579
485 -458
-346 539
-124 112
505 -8
-270 624
-152 -524
-429 -553
20 -439
-367 -450
-19 -515
-301 -258
-45 -179
418 20
107 193
-506 -657
-97 313
129 -395
274 38
-654 330
-678 76
-324 -229
327 -146
216 -102
-654 243
-351 11
-95 -640
110 -458
-461 -138
-147 126
-561 -563
246 -95
-206 248
118 585
200 563
-571 -389
210 603
-678 -171
321 -66
-595 -259
-582 187
189 592
-21 -558
163 497
-683 422
319 -310
266 322
314 -441
392 435
628 41
335 -236
-554 49
40 -185
-198 -626
-569 -653
-566 -552
-254 649
-185 -458
218 308
155 109
665 -600
-480 361
-252 529
18 -63
532 -601
267 -26
-192 -519
-466 461
-339 -536
158 -282
208 253
615 411
-117 230
-587 644
-2 293
-203 -662
232 169
592 -517
-297 -567
-641 -345
484 -250
-557 352
170 -688
-188 -553
-40 -524
-475 -124
669 341
141 -395
-12 473
313 620
248 565
448 330
346 347
640 -24
-96 34
23 -616
296 -265
364 -17
366 -541
-185 462
-670 229
238 -367
-187 658
-46 -304
-2 2
-566 -508
424 53
350 548
-298 -603
230 -376
18 333
-556 149
57 18
-266 -461
627 378
-407 -253
442 -293
-301 -154
201 52
280 -502
152 -183
-568 -547
437 -357
-570 -225
140 -273
-237 651
-670 -583
-196 526
-673 272
258 -69
-22 -245
577 63
-463 -28
475 -663
-447 -140
-75 -685
467 -601
-574 -433
656 -46
-209 684
174 -574
40 448
691 342
169 -557
-591 616
6 -223
-133 -528
551 624
199 170
-370 -598
508 617
-85 -195
-138 -228
-494 -334
-24 -337
-373 699
322 621
-541 -552
667 557
-415 -149
-320 178
-52 691
533 -264
42 -138
-381 -148
-36 -429
299 51
385 311
138 -130
687 653
246 -588
441 -173
-520 24
150 515
-46 -531
-418 288
-445 -633
618 -238
136 -44
-700 499
326 -149
-395 -654
-587 387
-210 -40
-537 -393
489 -566
441 -432
-215 -698
-351 -212
-657 585
-31 150
7 -360
459 -698
-150 182
-434 59
-348 -259
-673 573
185 664
-333 208
-100 -631
548 -658
160 -417
-574 -604
531 -430
-196 -288
536 -670
656 -199
652 -316
223 415
74 -258
164 -259
-125 182
367 645
64 366
-603 362
-598 74
546 -157
517 -419
-375 383
463 -496
-205 572
-249 -275
-122 381
-372 -252
-480 179
-340 108
101 658
127 -532
533 -72
-598 -575
-70 -543
-272 -237
-552 95
-594 76
-19 -415
150 560
-189 225
454 -85
-372 210
593 -184
-370 -383
135 78
231 -309
553 64
18 -432
160 460
250 -538
62 -157
87 321
676 -317
-65 -86
406 -222
350 -530
300 -52
-183 -392
-78 487
-96 -407
-205 357
506 487
-159 321
189 20
-72 -451
102 408
-164 -420
38 626
-696 628
-90 379
-504 -378
284 83
449 376
-282 -280
-161 -350
302 284
-696 -383
199 -50
32 649
223 -348
-501 582
-314 656
-134 -316
-586 -408
-632 565
-5 19
-396 675
-644 88
-643 -545
-109 17
17 -519
-270 -223
-578 -167
-394 617
348 670
168 609
594 -187
-343 -611
80 692
-498 -419
13 191
-403 -470
-509 -630
455 -114
80 672
-9 268
374 540
457 -328
173 119
614 -585
-306 97
679 146
35 435
296 -241
126 124
-32 297
-352 402
549 473
435 363
605 -244
-94 -643
90 535
-17 675
638 -519
53 657
-32 568
23 -438
-347 -401
344 -25
410 -426
-403 -213
-55 -78
-120 -203
-157 -65
334 -570
541 123
155 -260
493 44
396 -514
391 525
150 432
-629 -371
469 49
361 -119
-592 403
360 -525
-229 -389
-557 154
-84 -550
-610 332
395 531
-665 154
-253 654
256 -21
-218 292
-84 -461
288 332
416 277
-414 661
516 383
-590 -51
-134 -475
473 -694
214 -536
198 -201
462 177
145 -119
-227 -271
-334 603
26 154
-77 70
550 -165
123 -483
-450 -512
373 -240
-466 -495
136 454
-329 -180
680 641
-151 -163
-139 -179
-243 -59
458 482
172 272
465 -574
76 -189
53 44
37 102
-24 -686
-682 399
-354 -48
-290 31
105 326
-425 -383
-386 -432
-387 336
145 -172
24 -176
525 652
-234 288
558 268
302 454
-614 -138
664 611
-267 420
-384 -295
68 38
-292 -182
429 -691
-428 131
-451 -305
546 433
-150 -196
-558 -246
618 200
323 -176
-405 306
-609 513
188 355
-576 339
515 -428
-301 -266
89 266
-63 -31
124 451
107 -190
-628 213
359 617
448 500
-255 -44
-407 -147
-245 -96
-146 58
687 -186
-630 -355
348 -156
-661 -129
112 6
-196 139
277 333
-562 -265
-409 159
-78 -165
-660 -186
-429 374
21 -187
186 -443
213 -231
385 -60
-409 181
-573 -430
-587 96
356 -672
-74 338
-443 651
-449 69
115 82
-50 481
585 -670
-214 -365
19 -216
423 -426
-483 -354
521 -102
-502 -222
95 60
-527 355
466 -290
-587 350
-498 273
-324 608
-312 449
-165 -684
-328 72
-104 -488
-471 -667
-608 691
-145 -522
554 505
680 651
371 -406
-618 429
531 -488
-172 511
-240 552
223 -84
-662 307
-409 89
574 -35
502 -644
-561 -379
112 -594
-414 527
212 61
81 -458
-670 -531
-685 -82
125 327
545 -591
331 2
12 -17
298 -334
501 -436
-131 -18
509 -275
-392 454
-618 651
-248 229
665 27
214 187
466 381
-82 366
570 -452
-413 -645
-61 493
342 31
-287 331
-474 -349
38 -318
74 -665
182 427
517 -387
-427 -256
72 658
294 -135
175 -151
389 -531
-235 505
679 285
257 207
-47 -595
-595 -473
-58 -148
396 -537
-427 -217
-203 -4
498 -623
-355 642
676 301
-63 -610
-137 -489
28 166
-85 304
166 291
-84 232
46 -26
-157 137
474 -207
477 -462
-276 -217
147 209
70 62
-566 245
298 644
539 170
-349 -496
-498 78
432 -246
-342 -228
-342 -26
352 -33
124 -595
513 -535
-462 45
661 52
77 226
510 -311
-266 -260
-476 -624
-159 651
-509 -441
693 -280
569 382
-263 22
180 -422
-383 -15
-573 264
-384 -186
52 421
-368 -621
-330 292
320 -168
536 671
469 -354
-190 -255
-3 591
-190 -444
-184 -225
-510 -298
-185 -391
623 -454
58 -235
-290 172
-228 576
426 -611
194 -468
-423 528
36 -398
-225 -477
627 -555
259 -462
-124 385
-479 -328
547 76
88 664
-69 -53
685 156
-59 -272
-297 339
-464 491
-612 672
-696 -377
356 97
402 567
-571 533
-530 344
-426 505
182 -584
-263 605
-281 -185
-150 -646
-459 -603
5 -297
-69 -91
-25 -579
235 -208
-293 -41
683 13
112 542
-15 -449
681 -60
-631 327
189 -433
676 428
680 -231
107 -7
-230 -67
-44 -18
174 -628
-100 481
94 473
62 102
-371 330
-5 108
-683 241
42 675
-69 241
-70 627
-361 -516
174 294
592 4
328 88
631 65
-423 350
-598 435
327 62
293 -511
160 -291
188 -687
207 -538
508 40
621 -47
-574 -484
537 651
588 416
-349 381
495 264
-699 559
553 150
667 -250
-224 316
-235 -581
-198 -37
-366 -306
431 -445
128 3
-381 460
-7 -172
-568 -435
615 519
-332 227
540 385
-305 -372
-341 -493
-544 -612
307 -348
568 -409
477 -8
-345 -536
12 -232
-347 -102
309 -95
-580 253
-577 -31
-108 308
196 -337
343 652
-304 563
279 -545
138 214
156 586
-559 427
-102 -245
-304 38
-422 224
477 -101
-632 -508
207 290
-291 -189
-506 610
470 352
183 460
-259 260
32 66
-450 -470
649 503
5 585
564 -632
70 162
598 -380
269 -582
406 88
503 -150
453 454
-144 -275
-113 -522
510 322
689 -435
158 -173
187 -258
94 -579
577 311
83 -167
-332 237
268 -622
-602 -486
-546 288
462 61
-534 -268
-512 -429
156 -571
433 -106
437 -166
201 -357
354 329
354 -137
278 184
481 20
-362 -190
-102 49
228 260
489 -456
295 -424
-162 677
-615 -46
256 -237
472 -47
325 -392
393 -616
-256 436
-510 -122
653 -98
686 426
-438 688
-281 -565
-442 620
-369 152
-402 -57
183 -133
413 -19
-300 -549
444 229
-330 602
-222 -2
203 -140
-410 -398
-644 457
-309 154
182 509
691 -645
68 62
-57 -441
-157 381
-202 -577
-290 577
-508 -577
-165 576
12 578
77 48
33 -328
-61 -35
-558 -291
-390 355
-363 -188
-418 -217
-483 -365
-1 481
270 -199
-623 -435
0 -98
132 -606
170 138
294 473
362 297
-347 -566
554 28
-342 -371
485 99
-526 293
578 331
-50 -687
695 522
622 -11
-318 115
666 -530
-275 -146
-263 109
-168 -602
-667 -298
435 -678
126 106
-140 -36
-338 226
-258 -2
238 -172
299 -209
631 555
-46 -512
-221 -518
12 -477
220 553
-636 86
317 283
-578 596
488 311
-518 493
520 -554
296 -496
241 -411
141 174
-612 691
-465 -64
119 548
62 -517
476 360
-84 -685
401 254
486 -642
88 213
339 459
-552 -332
-675 403
-573 -193
-635 630
-39 -163
-644 137
-154 649
-217 -561
-41 -210
498 501
-309 -506
209 -325
183 -532
-69 471
-62 433
-24 -396
243 -44
-140 -581
304 677
60 -240
-392 -492
129 113
-670 -667
-70 331
-24 223
-89 -82
95 -443
-372 -55
-336 277
-654 504
588 -289
-188 77
194 120
192 550
-563 80
-603 566
-51 24
212 205
690 552
418 -660
-288 -584
92 548
-9 -475
-364 31
547 -185
156 618
316 -143
688 -544
-634 -16
33 -278
-317 -89
182 318
599 98
-634 -474
-355 178
-52 491
625 57
74 -511
-515 14
-382 -132
624 35
456 147
643 77
531 -491
606 28
-298 -31
363 604
82 482
24 194
-377 435
675 -77
-654 -601
-47 -150
-503 148
480 136
285 -615
-666 -87
-217 -595
650 -180
-570 634
313 -581
-176 -261
59 -11
-249 -551
303 -272
-10 668
-4 603
460 376
-614 522
272 478
512 -453
270 469
-1 -127
-320 -280
-185 -434
-103 -407
433 -89
534 -146
-539 -493
302 108
-700 -396
-485 642
88 -135
-271 -369
27 219
-113 -26
13 334
364 8
58 -670
-500 594
556 603
395 137
661 -26
305 -116
447 230
238 -526
159 245
656 347
-369 366
-350 -469
-404 -293
-497 -588
-449 322
416 178
527 -282
35 -291
47 219
-379 451
-460 -431
-648 -155
571 101
-648 -677
-160 -372
570 -343
201 -70
111 -628
-572 371
56 544
-209 375
466 692
-89 323
-116 -39
-198 405
54 678
632 -160
-668 -673
-289 -463
163 327
55 281
-436 -580
-121 -619
55 -422
-291 50
-279 -29
131 157
-391 381
24 482
-81 452
596 290
-98 690
-88 -213
-595 36
685 -581
312 87
229 356
-52 363
-97 -481
18 606
38 570
347 300
-500 404
-634 646
435 490
-610 -400
-27 339
63 88
604 425
210 451
236 33
-401 130
600 21
-430 -274
-582 207
425 -201
263 -359
-75 -181
-238 -181
48 -491
-176 693
382 -100
-228 -147
-609 -402
-252 363
-413 -499
276 -365
511 312
-7 363
-9 -643
465 150
228 -698
-616 -472
120 -239
-490 -157
456 -508
-608 689
-574 57
-565 571
-570 247
-599 -343
226 -111
317 -213
-136 -614
281 -240
11 -679
-118 220
498 418
546 -217
-164 669
6 -644
-419 -221
281 696
656 622
201 532
-51 248
465 -149
348 -1
-33 16
-605 -537
-50 306
-435 89
-625 393
268 -589
179 310
-16 431
-492 -330
-24 -192
557 -80
416 -509
-226 247
644 651
-371 -223
188 -241
370 -479
-368 -416
538 250
638 45
214 -251
425 -423
-308 533
685 -384
-226 369
-687 -379
-70 -415
123 304
459 -403
-606 -305
261 19
584 74
-34 -329
-674 -85
195 -408
-387 -578
137 368
82 269
-50 -37
698 -233
-138 140
487 650
26 -131
-431 414
190 366
-656 116
114 112
-384 327
395 -462
222 90
-141 387
-45 -309
79 369
-625 38
359 130
223 -492
627 -159
-678 421
-613 -61
-15 116
-464 74
-411 -389
-14 249
-659 -217
-238 97
-248 -268
145 276
-169 -28
-593 -527
31 -340
576 416
-194 672
525 -2
195 -176
-393 -158
675 -413
-535 376
554 -461
663 -162
151 344
-327 294
-261 162
-316 356
250 -471
-445 440
-533 208
546 -274
-11 -326
644 -628
-422 610
557 -549
-679 -23
210 634
582 420
375 343
-283 -100
697 407
-601 -373
-106 -463
596 571
690 -202
626 -15
156 115
-268 602
-633 -502
-306 324
-139 390
640 352
169 142
-654 535
-164 -53
-352 379
-397 -443
-195 -265
470 187
292 417
-292 442
436 -217
677 361
-36 -408
-584 146
464 -395
423 434
-669 -344
640 -467
606 -141
309 -580
-641 -613
293 -136
517 159
-308 260
203 468
641 -658
259 163
-1 -674
-11 -75
-25 186
560 -611
-469 249
192 39
-315 511
-655 632
505 -384
-557 -554
601 584
190 561
288 330
-432 -269
617 400
-363 540
-111 691
-282 560
58 -173
-19 605
321 -551
231 471
234 -621
-293 318
-46 -488
-37 -148
158 645
433 639
-630 -377
-668 -674
-36 457
-558 -206
-133 -440
-633 34
-350 -483
15 11
577 539
-399 -241
14 -53
390 46
-169 -164
-640 347
-437 310
-19 81
162 -15
214 -11
-589 -343
-397 -99
-299 621
66 -175
-337 -664
-88 225
35 207
422 -608
-616 93
-249 104
-672 572
-254 -315
82 -220
-573 534
-559 249
175 329
348 -520
504 598
-594 249
445 -104
-255 -132
-363 -569
343 -3
693 -95
506 698
-63 -326
-147 351
472 -135
-558 591
651 -522
397 -402
-250 -599
-464 -59
-80 -52
385 206
-256 348
-359 536
488 268
334 405
-449 -294
35 82
-614 -98
-570 -402
-166 -336
-29 15
428 -15
-529 410
-220 -227
-568 161
-549 -624
-485 106
-220 -233
-203 397
-551 640
222 310
675 188
-205 396
626 563
531 -647
634 -31
-67 -236
-114 -176
-216 -229
313 -610
90 596
323 337
93 -650
-696 -56
455 411
-136 -421
-663 -183
218 -218
610 -166
210 -279
276 -656
677 -420
184 613
-486 122
-594 -70
340 275
568 238
581 647
367 -606
-51 -249
325 378
196 -522
-475 -354
-28 168
600 -678
-86 -591
538 219
-218 241
52 -53
-576 71
-541 -449
558 396
-248 -17
-700 346
497 -491
-285 -659
449 562
-331 -40
612 341
672 -462
253 -275
-263 250
67 178
339 -359
-207 119
-649 -576
477 186
302 -166
-4 94
-362 643
628 193
-255 104
-535 -198
-68 -495
476 -306
-10 125
153 -693
440 -203
-168 308
-292 115
631 -218
-512 -108
446 -462
85 -356
-413 -323
483 -631
-250 -244
392 251
-217 -628
-543 -574
311 -480
-689 -424
189 508
134 360
-350 82
98 208
-578 595
-349 419
133 433
458 -638
-28 266
-220 -316
209 -33
-489 -469
538 214
-597 193
156 21
-245 451
607 -200
-340 85
455 460
-483 -258
687 -579
-153 206
-15 -387
-218 637
505 6
129 13
91 -422
71 -494
170 -159
291 -223
34 83
553 -449
-440 -242
313 476
-239 258
252 87
112 -245
540 452
436 -489
657 -340
633 -527
-447 -661
-562 229
8 -49
279 468
32 335
-45 -485
674 291
-239 663
214 -341
399 571
-136 523
483 566
-413 -451
-67 -457
-446 -233
204 -254
469 574
504 279
137 219
369 617
-509 -139
-130 140
-570 63
-408 -69
474 -268
680 89
416 -360
-314 -74
68 385
236 44
-542 -26
34 -653
-684 -641
195 410
-390 -195
40 -426
27 538
-549 544
-196 340
599 -54
127 -586
-530 650
-147 640
-397 -525
-650 -591
593 608
-280 -558
-101 -206
-9 -540
-138 -316
156 -515
692 -332
89 647
-550 189
356 201
-572 532
98 -46
344 -321
-514 -93
16 -44
-238 364
196 609
605 -294
279 576
-419 -656
9 -210
-657 -389
-643 59
549 427
603 28
-49 574
89 312
637 -169
-138 288
140 95
543 83
-113 555
189 -224
-384 -617
-481 -243
-169 -568
252 495
114 416
467 411
-330 -418
-305 -563
-235 564
293 -449
216 581
432 77
143 -154
63 206
-666 116
564 -107
162 -233
-575 -504
-691 446
-641 297
686 -525
-681 628
-195 608
-76 640
-691 -278
-184 377
-533 -428
-586 61
-434 439
88 -522
-129 -559
162 -272
395 -236
-26 -605
-426 33
-22 -30
146 676
-561 -587
-135 -134
539 349
-160 240
498 694
-524 333
-288 249
-383 -333
298 355
617 -478
37 104
-94 126
-425 124
675 602
-27 -453
-105 220
-276 -393
-213 -125
205 -437
117 -273
378 -562
-442 -313
318 697
450 537
469 196
620 -626
-170 -338
-273 43
98 588
-213 -177
-576 -588
237 314
303 91
-606 -485
-200 467
645 -435
698 -16
-521 619
168 149
-546 297
-623 499
-46 -291
-570 -334
99 -539
185 -637
-425 395
363 37
683 -586
-570 206
103 499
-379 301
-569 -684
562 310
31 240
-418 237
232 -292
-434 -106
-24 135
371 596
-666 660
-30 561
-474 11
-2 278
-46 -511
267 675
-678 330
-619 -279
-404 124
-528 -538
-32 -674
265 -423
254 -592
-524 318
9 -11
-593 220
-281 238
559 397
-415 -7
-542 478
441 114
-363 448
-54 440
-129 607
-204 436
133 57
-105 -523
231 240
-432 183
179 275
658 -3
-295 594
-49 237
-481 625
-376 -276
685 -329
680 481
-205 -449
31 -242
466 422
694 -548
-255 -386
-521 -474
585 451
495 -671
83 173
-74 90
-352 -643
430 608
-415 131
234 548
-295 303
-487 191
31 -658
323 -261
-40 351
499 412
676 -473
-595 -304
408 450
363 -683
-75 91
203 449
670 -162
499 48
-609 540
-601 -662
356 447
586 123
-536 -282
91 -401
-376 530
-46 -563
359 250
-276 -325
-669 37
475 -301
7 311
137 -676
-582 117
-194 500
-64 -220
-504 -571
-536 190
323 -667
-418 -321
-406 -582
450 -481
-684 -210
-8 -583
-198 544
601 459
471 -661
466 -617
-335 -542
-476 594
312 116
84 482
557 213
-300 278
221 -443
569 -440
-682 -163
574 126
-592 679
41 -374
335 46
-684 254
73 46
-129 -572
-213 -44
-468 357
-487 297
-333 -384
269 19
615 -163
416 -124
209 -366
167 655
84 215
303 -471
232 309
-60 117
-213 276
135 403
-579 -299
518 481
506 245
280 49
-555 -52
-119 493
83 52
-13 649
-514 678
-90 -263
-684 -31
673 -533
431 44
-39 493
141 -498
-679 10
-685 -300
-429 161
654 -517
-74 -338
314 -545
529 -314
-145 491
550 -155
616 34
-165 -294
-10 -643
669 173
597 669
-339 599
156 628
-296 -293
419 -313
-687 84
-696 487
570 -432
-365 -55
-660 -429
-37 242
435 -489
312 318
-547 682
-430 403
-652 336
-311 -502
465 -110
423 534
332 -617
-204 128
-231 -333
-336 689
-659 646
-66 -167
634 -682
159 -120
503 -393
188 -116
436 545
576 -117
5 -381
-699 -623
620 351
-450 123
556 -362
509 325
323 -243
159 673
-161 -584
468 -599
220 622
-125 335
-267 -595
-11 650
146 272
-695 -308
112 102
592 291
231 -507
-239 -484
336 -490
120 86
246 323
27 -554
671 -154
630 303
-302 180
-641 653
-365 554
-404 578
332 -2
-397 112
-17 641
50 495
426 -412
161 -247
-591 193
524 253
-166 -565
157 -566
-347 -119
-358 460
291 -26
507 -29
665 -187
647 58
-427 155
-297 413
536 -595
-669 415
556 -428
-428 298
615 182
-487 -328
145 455
590 -221
243 144
-374 0
-520 -210
-401 -559
520 254
456 -278
-301 -496
-250 -652
195 -263
491 409
165 342
-437 -169
138 390
-521 -639
-680 607
-92 -550
334 3
-532 83
536 -596
164 -530
568 62
629 -428
-66 -668
-698 -307
265 662
82 -626
654 553
-546 184
65 -361
-153 534
-670 209
617 -306
-431 371
690 -692
-644 287
376 -12
552 364
-192 111
-41 655
-127 375
-182 515
392 646
-321 557
214 212
596 -37
439 -384
-467 -425
-700 -79
-447 -193
-389 413
-140 271
364 -695
257 -368
664 -190
214 18
-146 -156
501 -256
-394 193
423 171
-575 -44
-300 -358
-488 230
-255 -688
-476 417
9 343
214 -668
-9 284
201 -242
-494 -414
-163 -650
-110 -140
684 266
371 37
-62 -178
-209 602
521 -192
457 -101
186 74
543 -507
-229 463
695 563
-683 -190
382 151
245 99
-132 387
494 -693
644 -187
-675 -606
-509 467
-459 -689
-353 -582
-84 -584
650 -434
-450 -158
422 -387
-360 -613
11 292
-265 454
-376 519
-30 0
679 411
77 -335
83 374
512 -428
198 -319
296 -230
342 652
444 443
-193 459
386 -361
608 -536
-189 -291
31 65
-652 -150
-699 -164
-337 -212
218 408
17 343
208 -467
301 656
403 103
17 16
-380 231
-152 -653
562 603
16 33
-326 -297
-452 629
368 299
-460 412
-249 -658
427 409
-659 -692
-350 -201
-421 -259
-236 -171
-277 406
250 -631
-382 -325
55 462
-279 -435
54 432
-506 -424
27 -494
112 -415
87 30
-428 -562
-16 661
609 -146
-192 55
275 -157
485 -643
-482 237
-127 -684
128 -599
-653 117
300 161
-282 180
428 30
176 -651
359 595
-499 158
316 556
237 265
190 166
-508 8
-464 649
400 -642
-213 524
400 -117
-3 384
-117 -544
20 15
-545 -44
228 334
-261 454
-555 545
327 -43
664 318
234 124
459 -659
596 -111
659 -106
-339 -527
-566 372
-194 -68
-334 -568
135 279
-256 -568
112 -455
-668 322
-460 405
513 -404
-93 490
-552 -290
143 -168
-367 290
-447 -132
-436 642
333 261
244 -405
99 -72
598 609
-569 -599
-190 -572
403 67
343 121
-444 -630
-253 587
450 -41
195 315
-188 -101
-665 166
460 616
-638 -482
-2 668
-463 -140
-513 -561
-318 -388
-157 -369
-241 -239
7 610
147 155
-295 -163
-460 334
-203 698
153 342
-359 -210
-170 -633
507 -628
-578 177
-447 292
-559 -700
-622 -631
430 264
627 458
-255 -231
100 -66
329 577
-636 -83
-476 -266
-182 -52
-700 -307
542 457
590 -161
-177 -519
135 -468
447 487
-110 -131
444 -275
-191 -50
455 359
224 -197
-542 102
88 -438
-482 3
-630 90
-277 -651
-271 234
612 404
-274 -530
337 -241
-450 693
-394 155
-537 -538
389 452
-253 548
-88 401
332 624
625 579
-312 654
37 311
-73 90
-354 -51
99 493
-407 455
-410 -342
136 621
-157 334
-456 -312
-690 -512
685 31
661 -267
436 599
-229 -498
73 -67
115 86
-357 577
-454 -337
125 195
-480 -443
14 385
344 -283
-21 189
-291 -682
-349 400
-513 361
100 243
-209 -594
-524 -344
-576 24
11 -228
311 289
367 -248
292 16
-137 440
-472 442
452 628
521 502
156 -683
-563 -626
-127 -246
396 -685
602 11
-664 633
369 -3
-55 51
509 -632
-324 55
-240 -587
332 -299
-109 405
-116 -540
297 566
-204 -618
-46 502
338 557
-167 333
-62 158
-472 -410
-15 -563
-39 -634
63 89
640 201
-533 137
656 89
675 -617
547 48
-28 -84
23 -632
-417 36
461 272
-283 -149
-597 42
-4 409
-660 -261
650 -294
-146 59
-55 257
-427 -250
-268 182
-298 -142
-695 -131
294 -471
-633 -455
-180 -343
506 -448
-203 -141
-203 -431
-425 505
255 -36
-161 -245
434 -279
-73 -308
-465 251
-590 -64
-122 134
-606 -48
677 447
-604 82
334 275
394 211
694 -597
114 166
499 -218
452 66
-122 -1
-478 -562
-535 24
307 -400
-349 480
121 343
297 -639
548 29
-209 549
-347 -495
-272 130
464 156
19 -501
28 -501
-338 594
156 220
-537 171
-181 -644
296 322
-556 -192
-253 95
104 531
-353 632
556 359
353 16
425 -528
198 -337
133 -155
624 -365
-309 600
351 -435
-409 -248
522 542
292 581
-233 44
497 -444
191 360
393 259
101 -294
-670 472
240 -561
-192 453
79 -14
-245 -322
493 -256
183 -18
-610 456
-661 31
-464 -341
636 488
509 320
-126 140
-312 -380
186 625
662 -96
662 510
439 347
195 624
-700 -295
497 -121
188 -356
-80 525
490 18
-599 -554
329 -161
642 590
-517 605
-697 -424
-219 -575
181 427
-312 376
-72 -126
44 -14
480 -197
-619 526
-425 -681
306 -442
-618 -252
-276 332
329 -192
-236 220
504 367
232 348
-376 431
128 -190
73 370
195 269
-248 283
-145 -354
-80 237
-239 512
-211 64
-478 -674
-286 -427
-517 -428
-181 -356
-486 -223
-19 -461
629 428
-307 -238
686 116
-42 526
56 420
207 443
-119 -641
140 -355
-191 256
251 -240
-350 29
-606 190
688 -156
-512 -463
-678 167
-239 258
-431 317
318 -558
57 -167
596 638
-433 -569
515 280
-662 -397
362 -684
-652 644
361 40
10 394
632 -240
-54 -388
-202 688
109 -443
100 -117
37 351
-549 -236
-583 560
347 652
-217 397
-418 -229
281 -132
-356 -622
59 -242
-536 128
267 -139
-662 315
490 434
-505 -79
35 459
-578 -392
177 -541
364 -21
-18 674
203 -650
249 542
-642 -452
607 658
-64 158
-387 -90
-314 -137
-179 -321
186 454
-120 -600
105 -292
99 -335
-689 -537
556 232
410 -314
-362 -170
-412 485
132 -381
-451 331
-613 83
-304 -310
-493 -230
-228 7
-449 143
151 683
-541 -506
606 113
509 -24
87 -319
231 222
555 -596
-12 364
-274 177
193 475
-463 655
-634 601
539 140
-539 -595
683 -562
-494 293
-64 -528
-333 -510
525 415
-454 -129
-329 -666
-151 -490
616 -258
-434 -580
274 386
-17 350
356 546
263 -485
585 -19
482 -260
-575 -643
645 -686
-449 -266
265 430
-99 -16
602 -57
-291 493
251 -697
130 -308
317 455
150 471
607 -420
-43 682
135 -694
281 421
-694 -231
256 -348
-535 -668
-637 -187
-459 -287
160 -62
636 94
-246 135
-68 -295
-592 302
328 -196
75 33
-535 -634
436 392
-82 365
213 372
126 138
-418 -5
373 -442
-124 261
438 68
173 86
321 638
-545 -627
645 549
-119 -396
223 -453
-230 273
276 332
-327 -340
-549 -404
228 346
22 130
493 145
250 -91
-542 693
-379 -250
-372 19
633 103
-310 -443
-130 258
431 -651
-428 -59
-383 -475
256 -236
300 -43
583 479
6 262
-367 -418
-676 216
216 451
-323 -697
-150 -153
-403 -13
90 -609
341 271
-562 656
185 -22
213 -543
402 -267
407 280
693 573
-399 -57
-373 -327
-208 32
-37 -162
30 255
533 81
-428 303
-568 588
-513 384
-281 205
-290 192
486 51
394 -225
-60 -61
254 -545
-220 50
-166 91
668 -229
83 207
-455 132
629 -22
-374 -612
227 -41
-699 543
486 -190
-665 518
-467 -159
-136 -688
372 -80
646 557
-216 -71
105 85
-647 -460
639 -284
585 268
-80 -231
188 114
-316 -576
345 486
-644 -244
-504 -693
-601 337
484 43
-410 393
442 -637
-566 -596
571 135
-308 494
167 417
517 -564
434 -202
-409 575
556 -623
-60 356
611 181
-570 -645
-604 357
254 127
-478 398
-440 -155
110 -48
-217 400
447 200
181 -219
-405 226
278 498
-513 -187
70 -572
292 -49
-280 -510
-61 435
169 252
43 -145
108 -544
272 -597
-690 -659
-251 -521
-595 401
237 549
-435 697
295 551
-5 208
64 -79
357 -575
-75 570
-110 -600
-639 400
-26 78
196 -390
-199 363
77 577
65 -494
345 -447
612 399
85 196
546 -45
-336 -511
-126 -300
-132 595
533 686
327 644
-296 -505
405 -172
-10 186
360 -131
-563 322
674 209
-73 481
-142 485
212 -343
630 -409
214 483
176 311
-611 87
-100 330
-476 579
177 597
260 559
286 -440
511 -520
510 -72
656 675
623 441
-215 -299
-80 -292
-387 -391
433 6
671 -39
-121 -263
74 -688
480 -377
443 -336
427 691
-620 208
44 -365
419 320
-169 -205
162 471
339 651
-625 -19
-599 357
359 -347
213 -625
-497 -475
492 496
235 593
-682 360
218 -316
407 -592
322 193
-224 -483
-64 82
-221 191
-477 -474
431 -361
-486 592
320 416
-678 -570
-253 -436
444 663
144 -406
-25 80
489 -609
490 -631
578 404
309 275
338 102
408 165
-79 275
-125 128
-270 -133
-664 23
227 549
206 -85
666 -371
480 -386
-197 -214
326 -538
383 28
385 69
655 -355
-540 678
-327 -521
626 -214
394 -609
219 -267
-243 -103
459 -614
-181 429
684 54
-237 624
474 275
-620 333
487 -469
-215 541
-455 121
348 245
-567 -102
-146 232
-106 -351
-555 -476
-47 -68
-273 249
545 -423
663 -393
-342 693
-114 231
442 -410
-645 -187
628 447
502 -500
657 -652
-551 427
579 303
304 -361
-229 546
395 -527
542 590
-423 601
44 -388
-97 -253
66 649
138 57
648 -337
553 577
444 642
-233 -599
-40 160
-281 -304
-550 -571
376 6
627 -315
-397 415
-613 -461
-301 -469
-349 -574
325 690
474 378
383 343
204 -154
-626 -174
-233 147
35 -334
-192 -549
198 195
-570 -221
-123 -532
317 -302
206 300
-154 -685
412 679
45 -124
-17 187
116 -296
375 -648
438 -422
-479 -633
-75 371
-245 -287
40 638
229 -516
103 -670
-96 90
9 200
612 -238
-447 -411
-44 107
452 -630
-491 70
-242 -213
56 -156
-138 52
275 56
-153 650
-506 389
-696 225
28 299
318 -638
649 294
23 -240
-164 -688
699 -29
-699 345
119 -228
-424 -484
-566 -510
394 675
36 316
-181 -475
-309 -536
317 -529
-97 -468
-107 -343
-679 -45
223 467
360 -430
-266 439
-556 571
-700 280
-666 -70
-505 644
671 -154
582 -138
232 34
50 319
-246 -43
-192 -242
455 -34
117 581
393 -540
-269 -378
-398 38
540 574
-653 38
436 497
73 -389
-244 118
-467 159
267 -652
578 94
-200 -475
124 480
-626 450
392 -607
-321 -457
-354 -465
-668 -431
-354 259
-277 -171
434 -508
579 -662
360 336
-252 82
316 -331
690 541
579 -233
212 279
194 -413
351 -661
-608 -77
657 160
593 634
-621 179
-123 251
662 -139
328 517
289 214
-133 650
-223 593
-421 352
-85 642
289 79
-66 -42
586 532
-539 378
488 -139
-693 23
408 654
-153 180
-379 -188
75 236
685 -360
-513 90
482 -290
-685 -686
-116 -649
-171 -54
582 -660
456 585
-210 -492
86 550
224 -209
590 540
37 -77
-231 -531
160 -33
-510 669
-375 287
517 696
142 399
-686 -42
-577 -349
-23 -123
608 -417
-593 128
324 210
-670 -368
464 -144
10 -672
-50 145
-231 -667
-348 -444
-660 -387
-396 256
10 423
133 84
-108 -620
418 -596
-474 188
-495 -441
-506 68
78 672
-478 -74
217 -582
110 -254
493 687
94 220
443 306
-167 -394
-193 -220
-441 455
288 684
-148 -652
-106 66
-195 358
23 -226
658 -204
403 -572
-451 402
441 -413
107 -566
-431 -242
48 643
91 -165
384 -305
384 -406
643 41
-672 8
528 -194
-261 493
61 427
396 -582
86 512
515 -585
420 20
-454 -668
392 -455
250 -33
529 505
38 -259
-119 168
-80 676
471 -444
115 -152
233 579
-558 -220
303 468
-25 268
-496 -335
-235 -391
271 -566
122 -627
-2 -26
-160 527
-482 -258
307 -255
622 666
200 264
-230 -64
467 684
686 234
289 -239
-669 544
288 -12
112 445
-429 322
493 -402
243 -618
-604 -639
-326 -279
-302 514
-230 487
477 668
-530 39
293 446
-153 284
-289 -549
-535 234
296 447
351 -38
-217 -241
44 -166
399 56
195 -314
-333 426
90 268
531 -586
651 463
-146 -202
11 -615
-480 -187
-66 -169
-322 -377
-677 104
-153 265
259 262
-467 252
-232 296
364 646
-316 -169
-301 698
-144 -209
9 -543
-482 184
74 97
-528 686
-150 389
690 -234
-376 317
-187 179
-449 -185
358 -393
-151 -314
-81 -139
85 106
-203 15
-181 -448
-198 -253
-51 -508
491 252
-304 644
628 -434
243 359
394 -519
-232 -419
417 -198
-495 304
-424 -90
428 -404
-422 -279
-287 -301
-666 -609
660 -123
-239 168
-177 -242
106 217
-182 399
526 248
381 -135
638 688
-204 -192
-650 487
524 -659
-113 68
-394 -266
-113 -132
-671 682
447 -570
-699 -633
-603 -418
126 -41
-653 288
213 -397
208 462
-131 182
198 -413
4 -99
-308 -216
-15 -443
-116 -106
-43 -307
-145 -34
301 142
504 294
-177 369
-658 -139
146 623
-554 -112
-437 -529
17 -162
174 -493
-502 -7
-103 -524
-110 -354
-81 -320
-193 -441
204 -488
-542 -386
-12 191
185 -43
-351 -232
325 -28
461 79
220 -333
-612 531
-439 -656
-418 -30
-222 -53
-149 525
-110 -271
583 -434
449 -682
201 -624
-95 -251
671 -659
-678 -147
-388 -370
672 260
172 278
331 319
151 655
-320 454
-363 626
294 74
17 153
35 192
-375 -632
-256 -486
149 443
266 412
93 561
-605 364
16 498
-623 -699
-62 -164
660 134
653 396
-354 639
676 -572
-282 -317
588 111
501 -267
180 629
117 540
287 123
15 -392
351 -150
-100 -270
372 -572
334 375
-491 -670
104 246
606 -687
-37 410
-141 -346
34 105
395 592
464 -218
545 -675
-263 380
-241 -400
-146 52
-468 -631
-251 441
-600 -211
233 -566
-643 -369
605 216
593 -617
-129 216
-431 -454
-117 259
279 3
332 308
303 657
-445 -398
591 -632
57 -641
-451 436
335 607
62 -245
664 197
147 203
-675 -613
102 189
370 -127
-154 440
79 248
-280 -608
346 383
-201 56
-62 -43
341 -195
423 -152
-294 205
-32 -474
-245 -647
253 -110
-633 -289
-161 -575
103 363
-204 -299
92 30
23 -39
205 -9
8 -417
-168 -622
-160 -41
545 -274
320 672
330 -548
-294 -52
690 -420
-49 -697
296 -126
-461 680
-103 -223
-50 -45
425 510
500 510
-106 337
-209 -349
-573 512
692 662
-588 -468
-485 391
-331 -185
-245 -358
80 486
14 -267
-329 476
-304 489
534 -680
230 -3
325 168
573 -577
661 -283
0 604
-536 304
-26 451
-42 30
674 565
101 -136
-259 663
-616 558
-38 -653
-285 -370
-96 -356
-2 287
-131 -311
297 650
689 -348
-89 627
201 -142
182 -467
-651 -275
-58 -60
428 -375
255 -441
-201 125
96 -699
547 147
349 -58
530 -447
553 -610
-668 496
-100 -34
146 -4
-137 676
-468 -467
-522 -468
467 638
-340 -474
9 -427
-210 -542
-216 -614
-448 562
-183 -93
-587 -185
-2 615
-2 182
-518 -646
288 -213
455 -352
538 -153
591 589
-97 -297
-113 397
18 333
177 679
-617 379
634 -369
-366 197
-108 500
538 -90
308 -89
-459 494
-122 -698
266 114
-257 648
339 540
-620 -582
2 573
-247 193
-539 680
429 616
-659 -199
-100 -404
-277 110
-380 406
-20 53
380 -54
167 270
218 -50
236 -462
-244 92
-632 -36
394 483
-658 -137
226 -93
-456 -664
-477 -472
-410 -299
150 601
-186 -450
-87 -559
52 -205
214 -59
364 167
293 -560
222 315
-51 196
305 -330
-136 -215
-84 -213
312 339
-375 508
-12 -537
-318 -186
0 -411
504 -692
-412 -411
-374 384
-205 -525
-469 416
30 357
-433 -602
66 -673
-297 -574
-544 260
539 627
404 -160
240 188
-320 -700
195 436
-550 554
204 624
355 537
-307 -571
-647 -693
173 561
287 149
80 161
-205 -426
58 241
-471 -252
-84 423
574 484
262 640
-608 696
-642 495
412 -522
424 379
-441 510
-226 433
201 20
65 26
-481 440
353 415
-623 578
-599 -631
11 225
47 5
-521 -339
-525 -455
-254 -661
-203 -256
-514 530
220 100
-23 -364
-156 -371
-260 583
-136 612
518 -315
-527 -643
-134 400
-523 645
94 -598
283 -329
221 452
-66 326
-504 -179
-440 198
216 662
89 59
-249 -53
-232 -25
344 52
-606 630
-564 -355
616 685
-537 -45
-467 210
506 265
-95 581
290 -447
-464 -185
65 238
519 234
531 -551
-1 673
491 -525
-94 -607
-89 67
222 -327
-439 -480
416 -10
24 -590
-6 -310
103 -172
312 -619
484 -84
152 629
172 22
-31 490
-259 453
261 -563
4 691
201 34
-616 -444
-244 539
382 374
-370 424
550 684
188 284
-459 115
-535 57
-75 -188
327 -378
35 -60
694 -368
471 -248
-476 423
-175 101
-306 107
-614 -498
477 -521
345 -689
573 668
23 -382
354 536
-123 -280
548 681
-356 667
612 -35
573 433
375 556
298 -53
-685 16
532 -217
112 651
-305 371
177 -118
571 -461
450 529
-355 540
204 271
597 234
-632 -77
-175 623
200 -329
2 -659
476 -284
-156 -474
331 647
-308 -518
576 -366
-234 -351
15 518
-523 -303
560 111
294 562
324 24
190 424
21 81
331 -687
-541 -34
305 608
-676 -270
-17 393
-589 -180
41 13
661 617
439 513
96 34
-491 -198
685 647
-228 -316
503 475
41 -477
-468 114
444 -215
-372 -279
196 281
-400 446
170 75
436 255
-317 466
-432 191
2 -246
299 22
149 -498
273 -272
22 -343
-520 481
-300 635
-155 -457
-573 142
588 449
490 514
543 566
108 654
326 617
450 -441
-512 540
-209 -146
-327 -277
-125 349
589 274
-661 90
492 -655
-47 -464
-537 151
-144 -22
594 477
132 -543
450 -604
319 624
-592 281
110 -378
-562 -56
-538 579
146 448
369 199
329 -363
469 639
-178 147
15 601
147 -486
395 -501
-657 509
432 271
-224 -137
170 274
-549 432
-105 -188
-278 44
-553 -486
-251 -507
-227 475
4 -374
539 -48
-308 248
333 -256
-352 -296
485 402
202 561
303 412
-302 -672
-155 -325
598 469
-530 364
3 -25
466 499
-645 162
265 -526
-209 -151
-11 -475
-170 -617
-211 683
-193 554
684 -297
452 -38
153 679
184 -658
-488 653
498 200
-271 613
402 -262
383 462
179 -528
220 -372
585 168
379 -155
-259 -32
462 35
-408 -41
-167 106
-660 415
-41 106
561 -215
-413 -482
-626 -119
-263 94
662 419
414 -253
-458 -81
646 505
675 481
-419 49
-199 364
64 560
90 575
-444 -102
-173 440
-209 -373
-522 -567
-402 504
291 177
55 553
-680 76
624 -383
-429 205
-417 -359
-627 411
483 -70
-671 473
339 -687
-219 -245
326 256
145 630
426 115
-26 159
-71 625
-79 231
-591 -4
-433 125
-341 329
-629 52
503 411
646 -426
-475 -371
182 -486
631 328
138 442
61 -660
-35 -208
-631 146
250 -374
341 -479
575 -101
-575 39
-548 4
49 -349
317 419
278 -607
-578 419
-172 -619
-473 212
380 -301
289 -556
35 -666
136 510
-445 -632
57 -5
-256 250
-427 582
461 268
583 323
104 -57
194 -85
-188 -167
-250 -215
558 33
437 409
-6 499
385 -270
630 -330
-423 -351
-145 692
-356 -480
667 354
-691 191
175 -366
-577 -22
618 549
458 658
673 -684
574 409
36 24
-408 320
281 664
-365 363
-584 172
49 648
-193 -560
546 651
-281 -301
548 414
-10 -440
460 431
-434 332
108 -422
365 393
421 553
-105 -189
-121 41
-86 -230
-593 135
376 -689
-545 659
442 98
556 -300
490 467
-99 587
26 575
-593 604
-629 -355
417 483
121 258
284 443
349 -62
594 -187
195 -440
124 367
-658 152
-628 -485
128 659
-374 537
-178 -405
181 -377
-30 607
0 -552
211 592
464 59
-661 -67
-93 599
200 165
-61 587
-539 52
434 138
529 471
-552 -578
-136 451
-437 -500
-695 -30
311 -622
-88 56
-2 676
-27 29
202 -396
53 116
-207 435
-673 -188
-177 659
-183 628
10 224
-565 140
-326 -65
-652 -431
400 -652
477 106
689 -78
-533 657
418 159
-671 -332
-74 -538
493 -227
70 -639
-175 -354
497 438
-171 609
380 297
-61 175
-485 -349
-189 583
392 -494
-175 -303
-517 601
-213 -117
-596 -335
31 -395
237 383
389 -528
491 -384
-424 524
-250 -357
131 -182
-369 22
1 -249
442 -452
-218 -437
-348 525
-316 -376
-593 -194
457 -89
283 426
-649 287
111 -63
435 287
128 -503
-229 -546
-383 -198
-479 -15
-60 494
101 61
336 -87
155 350
452 453
-424 591
410 9
-245 51
-385 299
673 587
531 -268
-239 424
516 -133
-646 532
200 396
-567 -596
-526 266
-169 417
180 -222
-309 552
487 -437
668 -546
-314 -677
298 -449
-22 235
-203 561
-583 422
-442 565
544 -122
317 374
-21 440
298 -323
226 -111
432 -613
471 288
350 -16
405 126
-392 -148
635 -325
-234 -435
241 83
76 617
-461 9
-246 188
-141 -150
436 147
275 -298
676 106
444 475
62 355
41 498
557 -504
519 470
596 483
529 -230
-128 -221
-266 -582
604 418
-538 -564
-196 -154
534 360
-601 540
-352 -241
663 -637
535 328
194 -472
-535 -391
-298 174
-371 91
-320 -175
-217 -146
-74 -181
-359 -224
198 246
69 360
134 -542
-239 615
-586 -206
65 98
-645 -574
-605 585
-515 164
-73 331
74 -61
-210 -426
156 -185
-315 57
-663 -189
-62 -643
-413 203
310 -452
-401 18
-573 384
-167 -398
-97 -481
-424 -26
313 -427
-363 -259
-452 -78
-102 319
-117 102
273 -59
164 83
-382 -180
-344 -14
617 -390
313 80
-313 484
476 -574
-272 615
-191 598
86 54
33 116
372 -276
-408 -282
-275 -326
-453 51
-379 42
356 82
408 -155
-13 -682
50 -157
-57 -156
319 -511
373 -499
652 464
208 -640
309 -213
522 -265
256 -568
530 629
242 -29
-289 326
-255 -520
4 616
-486 -440
612 -231
-340 661
544 -23
413 65
-122 -439
-629 -596
-404 636
-499 61
309 141
643 -365
-493 81
3 12
663 -106
-626 -67
293 -108
442 -333
267 683
-191 250
-437 358
122 -684
-362 -313
470 -292
444 474
118 299
610 -290
-500 659
-125 409
-641 235
610 516
-286 -462
214 -673
399 279
-417 301
272 472
-480 -652
262 -687
-642 254
-450 -464
-336 -469
-583 -401
-536 -389
74 -487
-575 462
158 -687
-80 46
255 679
-368 216
-247 -524
-655 -345
-63 -48
-351 -655
386 -430
334 230
290 -632
642 574
-220 55
-697 -358
-1 29
-75 63
184 94
-581 270
-629 -604
418 367
408 306
528 -193
-357 -406
315 135
404 629
420 16
489 604
-465 -484
97 372
-616 -402
-46 -609
-184 -252
684 -279
-144 467
-416 216
21 533
-100 -680
669 -153
480 694
1 -58
-466 -93
427 3
693 -37
-454 -285
-650 286
251 396
35 167
-190 -331
-627 -484
170 -90
597 -683
-439 -624
629 312
-577 -274
151 -437
289 500
-114 92
257 -521
-235 -450
-552 -659
557 37
407 454
322 -284
698 -485
-304 -403
622 134
698 -567
-635 -93
-205 536
-561 525
544 171
3 363
342 135
-33 260
-688 -107
-276 73
-700 369
213 147
-561 480
209 -539
-402 21
-297 435
86 549
-198 -325
598 289
-75 250
692 100
544 -677
444 366
372 523
-168 168
60 672
229 -271
-612 -684
498 521
310 620
-345 516
555 406
83 -64
447 -518
-666 371
-24 -560
-87 -441
-280 682
-430 -657
249 -693
-468 -57
-648 41
-9 134
605 -241
692 223
-318 86
579 177
-486 198
552 -580
349 -297
-300 -187
545 588
-560 508
410 626
-537 -501
-643 -419
236 233
473 596
-470 -664
-536 206
-309 588
373 -698
-189 6
-194 -573
245 79
-533 290
-74 425
543 56
-79 -78
-65 250
-5 -430
-79 -464
384 479
431 -438
-75 359
420 -55
256 -361
574 113
-611 -463
380 -67
90 -21
-270 -588
5 277
-661 -469
589 -630
-410 -341
342 -108
-148 -636
633 -94
-55 210
122 563
-279 527
324 -49
-347 49
-478 211
-490 -611
-664 -498
-222 412
66 482
124 125
354 205
-688 236
608 472
-249 81
-347 55
-528 92
296 -525
-327 -136
-219 -315
348 -115
-317 36
428 -342
-555 520
522 42
-501 120
115 -649
82 -71
-355 445
465 -145
-422 504
-3 593
-453 -600
-376 -72
-599 364
-667 -111
440 -595
575 -508
390 -164
-406 -341
114 7
-502 -658
-480 312
315 -233
604 558
-583 -678
-516 536
569 -697
-693 175
-656 226
-108 -605
-70 -533
516 -631
-635 -174
171 676
-489 -507
115 -118
-314 -98
402 240
447 198
13 464
-400 -177
78 681
-46 488
-64 -168
265 -295
87 222
542 170
670 -110
359 -8
-357 161
-259 456
-107 523
-482 422
-319 32
-148 -480
505 -678
183 542
-113 36
350 141
-183 436
491 -91
-43 -331
-448 -624
470 616
124 276
-601 203
-630 -606
-312 -133
-316 -537
639 7
692 51
552 108
-668 641
472 -40
-257 -98
214 257
494 614
188 -378
-209 -157
661 545
660 -497
-609 -93
-256 -20
82 -376
-697 -279
-559 -315
38 -40
-199 -489
80 574
-392 -427
563 403
-103 -583
579 -397
-4 -5
-691 220
-510 -345
-401 -464
-542 -192
-650 69
566 253
-137 196
18 242
-286 39
-395 -342
260 -626
600 -612
-108 660
207 -156
312 -675
454 -101
-231 338
319 -271
5 -95
201 -398
-541 671
-166 -145
-420 -177
584 87
656 32
524 61
-498 -95
-624 -316
657 608
-5 544
-337 236
290 671
-549 687
73 -632
-258 376
-125 378
-639 648
-10 312
-658 276
-453 -413
152 -534
661 73
336 -329
-113 429
-95 -296
418 -161
398 192
-441 -258
-317 -126
-606 379
-694 -177
561 -113
-9 617
-452 -553
-171 -471
-292 239
-326 494
656 325
656 -256
-458 -608
-602 556
-425 393
-649 -480
-698 440
641 -78
362 -14
-407 684
594 377
301 -422
-143 -3
457 527
387 466
70 285
-474 -71
160 563
140 -636
311 260
104 -588
-647 -114
222 -347
253 -120
-239 -547
195 -265
471 457
58 -277
343 -456
-358 286
-569 -444
-324 29
-305 374
-529 577
570 369
436 -368
-651 -414
268 88
-456 166
328 -588
-514 493
-560 -142
576 693
680 -77
-626 -286
-471 -43
-656 -147
-692 398
-6 491
-651 98
479 -377
-219 671
-233 114
391 -305
-284 554
120 -595
-231 -375
-615 -332
652 -280
198 -556
-178 -221
164 630
288 102
-233 -606
-440 -176
-447 -322
-28 -329
-262 434
-82 37
652 -85
-255 -574
6 -35
355 -15
-12 252
332 -473
-571 396
-698 -583
293 -41
644 -394
-437 -473
104 -234
205 373
-88 -280
243 530
633 -22
410 -645
-73 -420
307 450
-676 350
-661 -469
271 436
267 -316
-66 -106
458 609
-441 -371
-270 -498
-253 -421
-672 639
-84 371
-448 684
25 401
561 -335
184 -86
493 573
699 511
692 433
-346 262
-175 428
-585 346
469 108
-569 -500
410 39
280 682
378 3
96 286
-198 -421
-427 -14
-439 -677
-207 -380
286 -170
-423 -164
137 -346
616 -651
-601 -333
-319 355
532 423
-252 -630
333 282
472 -440
-92 -670
451 -476
-521 182
-298 622
202 682
-675 112
-348 341
629 638
24 -311
454 2
-34 131
-93 -349
425 660
-641 -9
441 -577
531 151
-364 -580
38 402
384 212
-524 -692
341 166
-462 608
-55 -191
-400 340
-525 -357
-281 620
516 698
-386 642
-549 -143
104 140
-304 -155
-696 -466
547 -391
72 202
102 -290
-602 -643
-368 -1
-320 579
-37 228
-159 -122
505 221
292 163
27 -231
289 542
681 -209
-226 -544
369 614
-120 533
-439 -264
258 131
-169 -364
12 -241
364 -460
328 666
-676 572
545 -499
-334 -171
-563 -144
-311 -536
133 649
589 510
26 -461
251 352
-478 253
-441 147
227 293
-379 470
240 -84
458 -209
545 -204
-141 474
112 431
-226 179
513 82
640 23
185 -398
-58 -538
699 318
184 532
-265 141
-645 552
332 521
-233 -588
-129 508
464 -282
421 297
280 -650
349 143
-459 -447
-231 -447
670 -195
-442 690
476 199
-102 615
-145 -87
94 -179
-433 -232
285 -195
-284 181
-124 125
-64 -110
-335 290
419 335
-264 146
351 101
76 342
-251 -244
-60 40
391 344
-489 -183
600 145
-48 -634
337 -653
517 236
566 682
-140 -263
-344 282
151 -411
52 223
-101 -662
580 544
-533 352
-468 642
-310 -172
255 -310
521 -431
-461 426
101 391
547 -56
556 259
292 -525
-262 192
-326 240
-561 -27
75 620
-604 654
140 -461
-506 279
-349 -352
-255 -426
-99 197
-400 -455
-360 309
540 -112
-260 -647
84 -244
-346 240
332 248
173 442
-255 -121
-72 159
-69 478
-89 -389
-332 548
594 213
512 343
-177 433
-523 16
-344 266
-90 -502
91 -500
674 262
228 273
538 -357
296 -462
-157 541
-661 320
449 -197
565 -141
525 477
257 -605
-56 278
654 -571
8 110
-583 25
-310 -132
546 -550
-143 546
-362 -507
693 224
-107 -218
368 686
-51 -393
-635 636
415 -119
-310 -51
192 240
-640 -669
322 -173
368 -444
140 -70
568 694
-424 -93
687 -65
524 405
341 352
-525 262
-658 -662
580 507
-360 626
-469 -217
315 -295
-337 246
-671 -129
-44 -567
494 -263
489 -420
-358 -152
-275 638
508 -547
-658 2
-367 -334
-614 572
-554 -286
569 -3
-494 667
-477 -133
671 483
-418 363
419 -95
514 -376
-623 -162
-55 328
478 115
-39 -579
225 116
364 -175
426 446
634 -26
-385 293
-459 -395
34 -431
125 110
623 514
13 495
477 -143
558 48
-166 433
-366 -322
-580 -610
-308 -170
62 173
542 109
455 -444
-669 -98
-455 683
-138 379
105 -652
379 -409
226 558
-700 68
455 -272
-689 -543
-463 -404
670 -578
-147 -86
654 -486
-662 663
181 301
-575 133
-219 -510
-610 485
-578 -177
606 498
-581 -440
561 272
-28 -576
514 -339
-236 434
285 -410
-620 304
433 -394
-49 -575
-242 122
-169 240
184 -104
560 -525
324 -102
252 521
234 -235
415 -465
628 -697
35 -171
-546 -320
239 -60
399 -656
-397 -477
159 -406
-184 -421
-111 447
557 -185
19 606
341 568
347 210
-665 416
220 -404
502 69
-78 -437
283 97
50 218
-241 -401
358 -519
133 -72
304 622
383 536
-148 197
80 -430
-110 269
-142 579
-116 510
641 -531
477 -440
544 -278
59 -107
-478 533
351 490
244 443
-37 49
577 -9
-621 -93
-347 -313
-306 -676
-305 -431
534 -161
-584 -478
383 445
-319 -40
-179 -672
-123 622
617 524
442 392
-155 384
-186 -232
341 297
-609 504
-127 -384
491 -39
184 45
-151 228
-337 -156
-280 150
115 -41
87 -511
-93 156
429 633
225 320
682 -148
-237 236
53 -386
-555 296
311 75
-455 -211
559 326
618 367
-160 82
-244 -142
168 -185
-224 -180
139 -56
-632 340
632 -478
-626 -462
-471 7
-327 -305
-687 516
146 414
361 -632
132 -485
-677 -50
179 562
-221 -580
6 -397
-270 -523
520 -571
597 -636
243 593
-418 58
142 697
153 642
56 -616
-590 -381
-355 -653
141 -34
-526 -7
277 -95
-93 63
593 586
213 607
-563 560
56 145
-595 342
109 66
-425 -615
601 141
105 -643
296 -192
-240 -133
630 288
-597 438
522 31
583 366
-60 565
-172 108
-88 380
152 263
187 -575
91 526
253 328
-365 143
112 415
-279 8
-448 -355
-389 244
-452 -12
683 576
-204 -546
32 310
-5 -180
-261 -366
383 476
-491 451
671 51
263 -420
604 553
-510 -652
194 117
417 -197
89 -575
275 198
568 528
29 220
65 -676
-48 89
291 380
70 -501
-685 -474
3 -404
588 602
578 624
-6 368
-467 -185
-543 -151
-343 237
-517 84
-167 552
-47 650
-358 433
-103 324
367 -49
-470 -242
-323 -176
-532 507
-238 2
-221 515
-558 129
398 -198
-14 -470
-502 -365
225 359
-187 -363
-173 -469
-280 -76
0 665
172 -661
-268 -448
240 -607
-367 554
-559 674
114 13
-324 360
544 -311
-368 169
-493 83
-424 362
649 -431
-433 -388
-597 63
-156 -650
-400 450
-160 -693
273 -685
-458 -114
-144 278
411 227
251 -692
-370 432
557 -418
-247 124
-618 -101
272 -154
9 -677
642 -287
335 244
-74 -82
-277 509
-136 203
-458 -398
44 -669
-581 -353
-607 342
333 568
322 -645
599 -695
57 171
-99 441
357 663
434 293
206 93
33 642
22 686
-73 -14
410 -612
561 443
-487 322
442 228
444 676
-216 -287
-481 -318
72 -423
447 86
350 7
493 -482
98 174
-30 -658
-65 -208
379 -698
326 40
550 228
547 671
373 411
-42 -260
-172 196
92 -401
-618 -508
-505 336
36 -170
115 499
400 410
530 79
551 -129
-349 672
-531 -124
143 521
270 69
-612 189
474 508
-515 -376
280 -585
649 -350
558 -607
-365 -60
-624 -229
379 390
255 635
-429 376
-460 29
-284 -280
-147 -486
-15 -605
-145 639
132 239
86 159
-343 -560
-152 -445
-192 361
-576 -279
-194 166
-374 155
494 320
-406 282
-189 -183
-398 -22
234 353
-181 -449
446 15
204 -127
364 595
-327 300
-48 -332
517 18
-577 -370
644 -291
-657 -490
18 -24
-660 33
-496 -266
156 42
-456 61
-523 -550
343 -84
397 -43
18 -517
298 -429
156 193
404 308
-153 652
312 623
673 548
590 492
393 601
-699 345
-662 -329
629 -22
-121 -105
277 301
623 -304
358 -619
-556 -603
248 -652
-458 -32
-108 311
469 311
361 13
55 -473
-557 80
367 -617
321 -529
-569 -634
365 3
327 -457
-262 -608
-514 -589
1 -634
632 -48
-172 81
-296 577
-489 118
592 269
52 -560
664 93
182 665
427 -624
-584 -500
-216 -214
454 51
-185 -219
92 -116
-686 141
78 -54
-394 531
416 -375
698 -630
-529 521
432 238
303 -353
-511 -442
-233 489
-298 -377
394 -344
-284 -37
263 -461
680 129
603 -463
411 -673
-75 407
567 358
-109 235
539 -443
267 -136
-324 -192
428 -84
-115 258
-658 -418
-105 -431
-65 499
404 321
-592 506
529 252
671 -281
475 304
526 -178
-77 241
-140 -55
-332 -391
107 515
20 -147
-126 -539
58 -470
563 -8
-49 -56
-153 -275
-416 -387
25 -254
-453 525
-207 -538
-641 -295
-518 -417
-15 261
669 -519
116 263
-585 689
401 -580
153 -29
640 -267
607 225
254 -613
-461 -267
215 -314
562 1
189 68
95 -563
-127 584
-329 -231
610 681
-43 -452
436 278
-569 -172
-469 502
113 534
-344 -676
528 -32
-173 -254
-615 61
114 -683
-285 -663
-80 -150
-94 -579
-279 -400
-506 246
-275 -626
-36 481
-324 110
-589 -614
625 -62
362 477
618 685
-601 -172
-298 -314
691 -653
-480 -191
100 -160
-389 -154
-77 -610
127 398
664 -700
67 523
530 58
667 511
-573 76
244 -256
244 162
-35 -502
-91 502
689 510
695 367
266 226
645 -290
176 -656
-200 392
-294 188
107 -532
212 56
-73 -115
-527 562
632 161
19 112
335 187
-110 403
-608 -594
265 -494
103 -333
-129 496
263 -491
332 313
-101 611
634 -423
-495 -258
-657 -619
-677 147
-424 -666
528 -605
223 -549
-93 -311
280 -66
-630 172
-415 235
17 -370
-584 -292
-488 -421
-327 96
675 -434
-360 261
-352 33
52 51
-242 -476
-651 699
500 -456
72 -56
336 540
-224 -611
210 -177
142 272
-593 -529
436 309
602 618
367 -451
-648 83
-188 336
-86 607
-364 -439
97 -528
-141 386
517 -599
-83 552
-274 -220
313 359
-273 201
107 -431
-128 615
-107 -253
-141 40
-411 241
-583 152
-603 691
494 -154
503 -512
474 -322
127 586
-607 -490
454 -150
-50 288
348 -35
-77 -136
222 -378
348 -82
536 -641
-11 118
420 251
560 238
-404 278
428 -145
-236 -418
290 72
-668 419
394 -369
-380 -378
-90 -455
-639 654
-323 261
-697 408
699 644
-593 -320
-218 -461
684 35
-236 -660
136 -561
404 -542
172 309
178 -620
512 -130
-233 484
423 -436
7 304
-441 -166
-179 392
407 -185
357 -479
-662 670
-56 449
476 497
317 28
634 216
261 367
-209 45
32 -365
427 10
-393 -532
614 -483
-54 -85
-329 -590
-533 -656
-634 -495
-582 -316
552 90
594 -258
-68 150
267 -228
65 -656
-479 141
51 -156
-682 309
-338 -553
28 -592
-350 336
358 -94
-552 -652
-57 191
451 456
-222 270
362 155
-397 267
-467 185
334 -83
94 552
-80 101
499 604
-438 -63
-175 -154
-275 112
131 -651
42 -265
-597 443
-239 491
-425 155
-467 87
472 -255
-443 -640
-505 -293
-370 607
-223 30
-192 -352
-419 -531
462 97
483 -467
138 76
192 -68
-136 -600
-65 -420
-655 125
258 434
243 111
-23 -564
223 309
377 195
-628 258
593 133
586 -596
-278 461
409 -501
525 199
195 -452
281 574
-577 -66
-595 -455
-593 -675
458 206
-332 -410
661 365
217 -510
548 209
38 -546
-553 -126
-562 -487
585 446
-405 160
430 457
-664 -569
-249 -93
-490 73
-308 -519
-533 -190
-422 -74
433 -629
301 27
371 -202
-488 -147
-291 682
698 -73
228 -663
-357 367
580 -472
39 357
-215 111
-302 337
-41 -375
-195 -604
-98 -546
160 -373
528 -25
-71 151
101 546
483 512
-638 -65
499 -669
373 -542
271 217
684 627
480 202
-186 698
-447 -310
129 -2
40 123
-634 -153
285 619
-557 -374
504 488
-97 38
552 -223
107 -427
-343 182
599 -323
-242 395
467 -320
536 -239
-89 -215
493 -171
612 303
-516 -275
-171 134
-224 -672
432 -452
-229 -314
-310 -574
-355 -680
-214 228
-259 409
-44 -381
463 613
-287 680
-249 496
-20 -581
101 267
-400 -674
-350 458
-655 115
-102 153
-415 -195
-663 57
-644 518
-301 126
-259 -68
-593 -669
234 -479
19 -673
46 -541
-474 -335
174 602
-102 658
-114 249
-295 -157
684 -626
-582 -457
-180 93
-437 274
-122 441
-375 522
14 -244
302 500
147 -286
602 -358
82 185
53 -412
59 -612
84 -596
-108 -239
-158 159
428 -186
-15 521
-309 -485
-663 400
-583 -524
40 -452
-356 142
-238 -675
-514 44
-341 301
-291 -342
11 343
20 -550
594 -183
-461 -179
444 46
-653 629
-386 655
381 -656
234 531
579 223
-633 588
567 -504
-179 -355
-310 -119
279 232
-256 254
241 -492
-142 -220
-260 320
-285 359
120 -423
688 -39
34 -374
674 220
-178 -644
622 602
-561 -661
654 667
692 -572
-47 -489
-275 436
1 348
71 251
452 594
75 -519
-523 -163
-98 -353
-149 -325
477 361
18 487
327 626
152 -547
463 40
411 271
-278 -566
546 407
-498 128
129 -347
156 170
-399 -76
-273 -620
-361 -544
141 616
-252 -245
-618 -540
229 128
-38 253
-541 -401
-416 -188
437 -373
-523 456
-243 496
17 -499
-655 -215
-96 -341
-181 353
-641 -558
323 656
-546 604
475 -32
565 -125
-413 425
202 -522
-354 58
458 118
68 256
-651 477
322 -540
359 -543
-241 64
52 -595
233 90
548 -198
-489 -259
-592 -4
-688 -92
316 463
404 400
-91 668
-167 -108
-524 30
137 -281
19 578
497 697
-648 214
517 10
392 657
-614 -73
-426 -92
53 -10
364 567
-349 -483
-272 263
-208 -458
-197 -513
-45 -346
375 -628
474 278
127 -402
-686 -440
-205 -669
-502 -618
-229 -74
-560 176
-508 -80
-404 117
641 -378
404 -644
-628 692
295 -453
-603 -273
-370 -585
498 -527
-88 461
168 -527
293 457
-240 113
277 677
598 452
-262 669
-234 407
-445 -96
680 -472
427 -191
-410 508
90 -225
59 -427
-143 -663
-274 444
-653 -658
-570 -365
-102 12
-103 143
-168 -409
136 -700
-432 189
165 -415
-524 472
-288 413
-304 -620
502 585
-585 -439
-20 -528
220 194
-582 -562
76 87
-109 -491
-86 -295
59 -51
-566 460
306 564
-94 -422
-599 12
438 -491
-606 -667
100 -12
565 275
615 674
344 169
-585 620
103 -347
425 242
85 -618
-165 -33
409 204
227 -12
420 503
-560 290
-143 -638
-583 543
-658 73
445 578
-21 169
-605 354
-7 -401
-509 -667
420 235
-44 -219
-428 102
-289 -649
-519 58
347 -418
-587 434
475 238
-242 -350
-43 301
-677 -288
-515 -689
647 -358
-7 -591
188 194
-58 -699
-117 472
-541 584
33 14
100 129
619 -358
34 588
-523 -297
-303 485
471 -595
-166 216
434 90
-678 32
-214 -119
-253 -281
-412 482
513 518
9 362
696 573
275 253
452 -675
-360 -207
-376 -484
-635 -83
-357 217
301 -471
-280 -576
594 -24
78 248
515 -589
-240 -269
103 -184
-468 526
-176 619
-647 -469
131 19
421 -349
536 -167
421 687
517 444
298 -464
-136 -23
-408 365
412 665
151 -522
-437 578
-433 367
-99 115
608 23
-168 -134
224 281
-679 -359
521 -30
338 57
-374 485
364 117
228 -533
79 -558
352 -489
687 685
-673 -439
697 -602
-62 -623
-121 187
331 359
-296 504
628 552
-276 574
375 635
318 73
173 -267
-405 -273
483 -14
-326 398
505 -259
444 220
437 -374
-106 -99
-496 90
-315 273
311 -697
25 44
-315 240
-259 -198
-410 383
-178 202
327 -240
489 626
-139 589
218 -404
-476 505
-269 -513
697 -279
-662 97
665 698
-538 -492
-397 46
283 -490
283 577
-333 470
-312 -565
-328 339
-679 127
183 263
-356 -540
-577 100
-225 617
-381 -474
371 246
-148 673
53 200
75 652
310 230
573 639
374 498
519 416
508 338
-140 -4
153 -200
-627 581
527 166
336 -481
-172 534
-27 -257
-597 -279
-499 494
564 30
-221 330
-510 117
-633 277
-26 277
-695 579
170 -445
155 -74
585 -653
-526 -116
-179 -68
-650 636
-519 80
-24 68
-311 385
588 534
-674 -110
-177 -339
310 324
210 451
-501 -144
-344 -348
410 -499
364 -640
480 -158
695 404
-144 534
-671 -317
336 -154
141 -636
-259 -201
-406 -316
603 557
-626 589
-510 -413
-314 -306
-499 -620
628 261
148 -687
641 210
365 -509
371 470
-425 -668
-456 37
-377 665
-533 -449
-17 75
606 341
355 471
-503 58
429 -206
-246 56
-508 -504
334 -275
217 447
-529 597
34 -456
-377 370
402 -58
-125 -384
-560 -62
-53 46
-9 613
449 283
-25 -553
576 -531
-487 -447
-385 664
-47 -42
-122 -444
599 -321
-112 -80
-322 -257
-502 -146
-455 -101
243 -145
-518 31
-436 -272
157 333
-342 533
-147 303
-182 -579
-459 -209
-660 486
362 452
-13 -101
127 -528
-372 -309
457 377
101 332
628 -107
608 -473
413 185
-176 -298
554 -662
-358 291
214 189
-608 -61
-374 125
-654 75
296 -228
-386 57
-150 108
-430 -402
259 -35
-505 179
523 -438
137 -478
-375 143
188 -298
-164 622
449 302
-285 -438
521 510
-570 -45
353 -178
36 276
134 -674
494 553
67 -222
-92 333
97 563
-282 603
-561 607
-322 419
314 26
-292 263
-330 -211
210 -618
686 350
2 -663
624 -1
220 629
12 403
-292 -400
679 -626
324 439
619 413
-482 -273
297 -241
-668 627
578 -438
-109 294
-334 -480
589 -23
-210 67
-466 343
-440 -377
226 -2
-128 639
421 553
-395 -621
595 -252
492 352
-495 -360
600 -568
243 -248
-685 596
-480 -270
76 408
403 -54
466 302
-693 100
-560 -443
661 -279
529 218
472 -157
-147 -208
-359 196
-91 469
-448 -276
-588 -571
3 650
86 642
-622 -355
277 444
-397 -509
-670 -546
-25 -543
313 505
-572 236
-680 453
-44 -184
273 -339
-154 -17
-483 -294
-260 588
604 -573
-67 512
-93 -524
-333 61
557 -4
-57 -118
-339 115
-316 446
-230 -580
-399 -312
508 679
315 -426
-514 -422
-205 -484
-411 -159
435 392
520 652
-481 668
185 232
570 260
371 -688
206 96
691 -122
456 -413
-356 396
451 -211
678 0
172 -330
54 -288
-698 -27
20 146
287 -384
-519 535
618 -420
-16 176
-17 400
655 185
-160 -691
-387 -42
-203 -80
-426 -156
-54 -309
-27 9
631 -88
-151 110
552 232
331 -685
158 -340
79 -508
-153 417
-607 499
-279 201
-150 -482
661 304
243 467
529 372
641 177
390 409
394 97
284 -108
-417 132
490 510
234 -290
330 307
-87 -252
124 -149
660 458
-686 1
68 -608
-187 163
-148 414
-442 -79
597 -203
-585 -431
-68 -352
-669 -407
-297 683
-438 -441
160 618
-70 334
-576 -530
267 354
-248 -700
-327 -346
-700 -466
-88 -692
105 197
467 -667
337 311
389 -239
404 -258
-340 -687
-95 10
-550 266
-362 -344
-530 -603
-604 -494
-509 -130
398 201
-273 -62
307 80
-266 596
-246 251
128 561
230 104
344 -118
-686 -212
607 -262
-114 -127
529 -407
-253 599
-26 -224
348 17
211 -354
-219 -631
-518 -517
592 214
-409 -181
-554 -403
-443 308
683 542
345 -404
-43 321
-212 -59
-578 513
511 298
664 -313
-46 -665
-224 170
-91 299
310 -299
-501 -231
-68 97
-108 8
-587 621
-246 136
481 35
-114 470
-610 -362
403 482
-576 -223
-565 -218
-84 -680
666 -607
-15 -683
96 -683
-183 -340
18 -698
-153 -232
611 197
-184 -694
-265 -13
-153 503
-568 -454
-412 -303
-531 -528
-251 161
-289 -155
560 -605
550 224
-49 282
452 -580
525 502
-136 -263
-376 243
157 488
439 -539
164 -105
446 -456
-456 494
-80 220
680 145
556 369
-54 559
507 631
262 -86
393 -662
-647 -64
-486 412
339 -287
31 451
-165 -214
121 420
-279 242
-219 -64
348 227
-55 655
-115 -349
118 122
-588 -605
358 -683
-126 312
-464 -100
343 392
489 101
500 -73
-91 599
251 35
127 -414
-698 -468
-667 -697
670 -207
-320 176
181 263
75 379
-251 -597
-191 396
-294 513
411 497
630 -11
346 9
484 -237
-198 471
143 579
-56 -52
619 559
-514 -125
-532 -393
-403 225
142 -427
-654 317
157 -675
107 -124
327 535
227 -200
622 664
-500 41
-158 -515
333 -4
614 -399
653 332
601 297
135 398
0 -241
95 266
298 -276
219 -482
-291 -454
-371 -75
-513 216
128 561
559 350
264 -476
341 316
-105 117
631 -313
422 -183
-514 12
-487 64
-511 271
326 625
24 -418
-537 -319
371 -447
-562 -56
523 -555
-63 340
-319 594
70 618
367 466
24 -350
-436 291
146 -517
36 -82
395 -129
-546 -32
-629 -40
344 -503
582 -421
-256 436
-609 420
-284 166
-218 514
-443 339
-659 -124
-49 -675
63 396
-20 -330
-526 403
489 -512
-570 133
-415 -118
-434 -546
297 174
-145 366
29 -679
631 209
-503 475
664 330
225 432
93 313
508 310
-340 -206
343 -313
-619 576
-97 209
-526 473
-599 -155
71 20
309 -131
603 273
-112 537
599 -440
313 -44
-273 -212
-145 -574
-537 169
-232 453
208 -636
85 -128
467 -302
116 27
622 -172
-346 192
500 -503
-85 -274
585 476
-478 -316
-313 680
630 -56
-246 129
-187 273
683 516
-54 241
-229 -62
-130 559
-146 -6
682 -532
-622 77
-472 -203
-168 485
-229 -160
-694 328
60 698
-122 -359
-9 -672
-62 504
-99 565
-696 -645
-166 -52
652 261
194 54
-644 614
-528 549
-145 -388
7 -566
297 -552
213 -436
-362 196
229 451
-284 75
-677 -116
607 -623
317 61
303 277
-656 500
-100 620
-15 227
-459 -127
470 606
37 337
-628 -184
383 -421
425 267
332 288
-276 -50
435 311
-196 108
-632 125
527 -141
-385 -93
-531 378
-102 -520
235 391
74 576
76 695
-85 365
237 -641
172 -139
-425 -229
445 -140
307 -691
88 636
-207 248
-267 -165
-438 -107
65 -676
351 646
575 -49
-159 57
-629 -603
-558 256
658 -609
283 -522
197 -689
-120 -116
472 -287
201 -26
558 235
130 639
223 -629
-650 564
469 -624
679 -345
499 523
25 -189
-25 -305
-600 -616
-463 583
-178 431
-476 -265
-662 -296
-146 -41
566 -303
-285 -581
239 3
-602 309
-13 -552
666 -233
-571 -217
-323 -436
444 -397
118 -433
-370 -72
-231 294
399 440
-399 -128
662 645
-266 -284
690 -200
87 460
624 514
-207 474
-567 184
120 -334
-278 -484
126 -216
323 458
194 163
-204 456
106 -253
324 -366
140 151
685 277
-367 -310
-3 -126
195 326
110 -67
49 -239
-584 -346
-416 -64
-372 -297
533 673
-452 -600
480 -699
-190 456
-621 -218
239 -523
436 -98
-451 454
-58 424
-25 -290
-153 482
-569 307
-19 219
360 272
-262 -535
269 -160
-638 -65
377 693
-517 125
-431 600
-211 -16
87 537
-551 -156
-648 16
262 375
544 -91
178 151
140 406
582 367
289 191
317 542
-621 647
-113 -688
-439 400
665 -662
615 -17
247 80
-661 -51
-340 -407
-100 -139
-31 -155
56 -697
-323 517
406 180
612 5
427 -533
-454 678
-24 660
82 -402
-149 690
378 372
-27 286
-31 -58
405 386
373 -107
-677 -165
-690 116
631 28
-441 -571
611 238
-522 -619
430 -244
-223 -87
595 -362
-333 -239
-367 604
-633 523
-580 -91
-651 -677
-380 -272
515 385
460 -428
-26 644
286 -309
665 -506
557 -692
-44 -16
-213 -679
-119 288
284 -642
-197 615
-342 -52
-600 448
-422 -428
217 -482
456 519
-225 -699
535 494
624 -69
-597 -530
-478 -16
290 -466
-433 -451
-520 -572
58 -671
306 284
554 586
206 698
-668 530
-79 347
245 567
49 -625
-40 503
388 -694
-603 -5
-137 475
419 -404
676 -484
-497 156
366 -693
-171 -633
511 -400
95 209
-539 -528
180 313
472 593
514 -410
135 416
7 -551
539 103
-196 460
-517 123
532 689
594 -659
163 662
-538 399
-526 -81
162 -391
274 -667
167 652
351 205
366 -408
-88 -284
314 129
403 -278
660 599
62 -572
374 534
596 583
571 -286
-244 -462
-482 -689
296 -597
435 -399
-387 -348
172 -408
374 343
-443 -226
166 -512
586 -557
-99 171
103 -8
699 -83
15 395
-165 -569
553 595
-670 696
16 685
-144 -406
-574 86
605 -663
220 -550
136 -545
-52 292
-324 659
-617 318
-363 466
-396 -197
578 -513
184 -268
466 440
467 328
540 97
-261 -97
-463 333
-56 -607
-75 369
623 -350
550 -69
323 -183
-580 91
569 186
-158 -518
-421 504
-261 608
-576 -625
697 -150
-79 -119
-518 276
367 -185
348 -518
579 -694
-421 678
-178 426
-384 -307
-286 -657
-420 698
576 614
637 544
428 423
-600 298
-522 -515
24 61
-661 -299
125 17
611 -693
689 -293
-660 561
-49 567
-241 -23
293 588
-63 -620
-188 464
-435 -524
-203 14
-265 -96
-322 484
-348 -66
-467 402
-39 -202
349 -656
-415 267
247 -536
651 -523
-198 220
-325 -498
-434 -575
-576 -606
381 -476
630 178
59 -421
629 -622
-96 439
-311 -343
-629 496
211 226
569 698
-400 57
-530 567
217 599
164 534
611 178
-94 306
223 -233
-74 86
-35 -103
-418 351
-476 198
12 -118
-307 64
-392 -40
425 298
-422 -74
-568 -397
-168 98
-108 -144
140 580
637 -555
346 633
126 139
192 606
-504 249
47 411
-218 -396
546 605
-664 -303
-99 -160
92 -323
407 -243
-79 75
-110 -103
646 -307
-253 -690
-109 582
373 30
582 200
-101 -315
-151 250
-570 -506
-287 -348
691 -448
354 -163
-431 -221
-222 349
265 -570
-188 -529
-201 698
-203 681
-696 589
44 639
-332 120
-651 292
38 -567
647 -13
-206 432
679 254
503 -60
420 -532
-516 542
604 -384
-536 -271
-393 232
-668 167
515 675
572 288
63 534
-233 -281
37 17
546 -691
-623 317
-541 490
655 -559
-187 400
364 -258
448 -437
3 -665
59 182
515 -603
-140 -672
-217 -454
-514 -505
-682 -11
-139 -397
636 -147
262 310
665 -199
307 -581
-168 -202
461 -595
-245 651
346 433
-675 50
-622 -370
472 -152
-163 -501
-136 -209
-409 538
-192 -207
-666 581
-44 673
603 -314
262 564
-97 371
-516 630
129 -191
-606 -414
-507 -264
-700 -143
-178 424
-217 463
-121 -238
-56 -510
-297 330
565 677
-269 84
-149 -236
-343 692
488 -55
210 58
-534 190
166 110
479 44
-209 -575
110 -260
-329 28
-586 -205
491 628
550 443
-491 86
453 504
516 -224
195 -160
55 297
695 511
578 521
186 193
303 84
-460 425
-32 -262
485 466
4 515
471 -36
401 66
530 338
178 375
-696 -127
-624 481
-293 -541
-35 116
635 -267
247 -105
-540 166
306 217
-593 -103
-223 382
-296 660
14 -628
-616 -606
-336 -557
-188 -554
-187 -628
414 -375
-472 216
-110 -194
-700 205
-676 620
50 -59
-672 -540
551 575
210 -468
-310 522
359 130
333 663
-13 645
457 -449
-28 -472
-641 -403
-657 -336
140 397
530 -383
-20 -332
-190 252
443 -614
-194 -556
55 270
507 -495
-158 -680
562 -396
-336 -635
79 -220
379 78
338 464
103 650
-381 -698
307 -106
562 212
28 -278
-59 677
-463 -554
630 -658
674 220
-172 -71
-310 -137
337 466
-145 -171
355 368
591 177
-649 254
6 -524
-165 -549
-419 413
-566 -633
-523 590
198 247
404 -31
649 -438
-161 395
-236 284
545 -632
-308 515
-309 -145
513 9
-659 -177
201 -518
435 162
-451 694
-629 585
514 -23
102 144
59 -519
406 -300
661 -233
-513 -230
-493 -278
280 682
19 -391
-564 451
648 479
100 424
-671 -613
-1 244
-182 185
-123 435
682 523
-216 601
501 540
-107 174
579 -593
497 -262
-255 131
591 -91
-146 186
-79 -558
688 386
669 13
-408 -405
146 -101
-133 346
90 -551
434 -427
643 -448
-163 -384
-327 -145
604 248
422 130
-98 -298
-571 -383
253 575
355 660
657 -591
-169 21
-676 -448
699 -250
-418 -398
-277 -355
251 -17
-458 -195
-158 141
-85 304
310 -53
222 -174
66 -371
-598 -129
-280 23
-279 -321
-117 229
-334 -663
-353 155
-445 565
85 -584
-184 231
-541 -375
-182 -191
155 -117
106 576
395 -688
328 82
157 -58
248 -674
376 100
-156 93
22 -666
-656 -321
263 -677
-583 -375
-169 54
463 446
-397 658
646 -141
-14 -391
495 287
-167 -497
684 -197
495 -526
-380 -266
651 -644
-516 -267
-501 412
191 -39
558 -206
-602 -47
435 50
251 -478
244 299
410 -173
-226 329
-446 446
-182 -465
-429 532
-168 -472
137 -488
