-700.000000 700.000000 700.000000 700.000000 700.000000 -700.000000 -700.000000 -700.000000
0.000000 700.000000 700.000000 700.000000 700.000000 0.000000 0.000000 0.000000
350.000000 700.000000 700.000000 700.000000 700.000000 350.000000 350.000000 350.000000
0.000000 700.000000 350.000000 700.000000 350.000000 350.000000 0.000000 350.000000
175.000000 700.000000 350.000000 700.000000 350.000000 525.000000 175.000000 525.000000
0.000000 700.000000 175.000000 700.000000 175.000000 525.000000 0.000000 525.000000
87.500000 700.000000 175.000000 700.000000 175.000000 612.500000 87.500000 612.500000
0.000000 700.000000 87.500000 700.000000 87.500000 612.500000 0.000000 612.500000
0.000000 612.500000 87.500000 612.500000 87.500000 525.000000 0.000000 525.000000
87.500000 612.500000 175.000000 612.500000 175.000000 525.000000 87.500000 525.000000
0.000000 525.000000 175.000000 525.000000 175.000000 350.000000 0.000000 350.000000
175.000000 525.000000 350.000000 525.000000 350.000000 350.000000 175.000000 350.000000
0.000000 350.000000 350.000000 350.000000 350.000000 0.000000 0.000000 0.000000
175.000000 350.000000 350.000000 350.000000 350.000000 175.000000 175.000000 175.000000
0.000000 350.000000 175.000000 350.000000 175.000000 175.000000 0.000000 175.000000
0.000000 175.000000 175.000000 175.000000 175.000000 0.000000 0.000000 0.000000
87.500000 175.000000 175.000000 175.000000 175.000000 87.500000 87.500000 87.500000
131.250000 175.000000 175.000000 175.000000 175.000000 131.250000 131.250000 131.250000
153.125000 175.000000 175.000000 175.000000 175.000000 153.125000 153.125000 153.125000
131.250000 175.000000 153.125000 175.000000 153.125000 153.125000 131.250000 153.125000
142.187500 175.000000 153.125000 175.000000 153.125000 164.062500 142.187500 164.062500
131.250000 175.000000 142.187500 175.000000 142.187500 164.062500 131.250000 164.062500
131.250000 164.062500 142.187500 164.062500 142.187500 153.125000 131.250000 153.125000
142.187500 164.062500 153.125000 164.062500 153.125000 153.125000 142.187500 153.125000
131.250000 153.125000 153.125000 153.125000 153.125000 131.250000 131.250000 131.250000
153.125000 153.125000 175.000000 153.125000 175.000000 131.250000 153.125000 131.250000
87.500000 175.000000 131.250000 175.000000 131.250000 131.250000 87.500000 131.250000
87.500000 131.250000 131.250000 131.250000 131.250000 87.500000 87.500000 87.500000
131.250000 131.250000 175.000000 131.250000 175.000000 87.500000 131.250000 87.500000
0.000000 175.000000 87.500000 175.000000 87.500000 87.500000 0.000000 87.500000
0.000000 87.500000 87.500000 87.500000 87.500000 0.000000 0.000000 0.000000
43.750000 87.500000 87.500000 87.500000 87.500000 43.750000 43.750000 43.750000
0.000000 87.500000 43.750000 87.500000 43.750000 43.750000 0.000000 43.750000
0.000000 43.750000 43.750000 43.750000 43.750000 0.000000 0.000000 0.000000
21.875000 43.750000 43.750000 43.750000 43.750000 21.875000 21.875000 21.875000
0.000000 43.750000 21.875000 43.750000 21.875000 21.875000 0.000000 21.875000
0.000000 21.875000 21.875000 21.875000 21.875000 0.000000 0.000000 0.000000
10.937500 21.875000 21.875000 21.875000 21.875000 10.937500 10.937500 10.937500
0.000000 21.875000 10.937500 21.875000 10.937500 10.937500 0.000000 10.937500
0.000000 10.937500 10.937500 10.937500 10.937500 0.000000 0.000000 0.000000
5.468750 10.937500 10.937500 10.937500 10.937500 5.468750 5.468750 5.468750
0.000000 10.937500 5.468750 10.937500 5.468750 5.468750 0.000000 5.468750
0.000000 5.468750 5.468750 5.468750 5.468750 0.000000 0.000000 0.000000
2.734375 5.468750 5.468750 5.468750 5.468750 2.734375 2.734375 2.734375
0.000000 5.468750 2.734375 5.468750 2.734375 2.734375 0.000000 2.734375
0.000000 2.734375 2.734375 2.734375 2.734375 0.000000 0.000000 0.000000
1.367188 2.734375 2.734375 2.734375 2.734375 1.367188 1.367188 1.367188
0.000000 2.734375 1.367188 2.734375 1.367188 1.367188 0.000000 1.367188
0.000000 1.367188 1.367188 1.367188 1.367188 0.000000 0.000000 0.000000
0.683594 1.367188 1.367188 1.367188 1.367188 0.683594 0.683594 0.683594
0.000000 1.367188 0.683594 1.367188 0.683594 0.683594 0.000000 0.683594
0.000000 0.683594 0.683594 0.683594 0.683594 0.000000 0.000000 0.000000
0.341797 0.683594 0.683594 0.683594 0.683594 0.341797 0.341797 0.341797
0.000000 0.683594 0.341797 0.683594 0.341797 0.341797 0.000000 0.341797
0.000000 0.341797 0.341797 0.341797 0.341797 0.000000 0.000000 0.000000
0.170898 0.341797 0.341797 0.341797 0.341797 0.170898 0.170898 0.170898
0.000000 0.341797 0.170898 0.341797 0.170898 0.170898 0.000000 0.170898
0.000000 0.170898 0.170898 0.170898 0.170898 0.000000 0.000000 0.000000
0.085449 0.170898 0.170898 0.170898 0.170898 0.085449 0.085449 0.085449
0.000000 0.170898 0.085449 0.170898 0.085449 0.085449 0.000000 0.085449
0.000000 0.085449 0.085449 0.085449 0.085449 0.000000 0.000000 0.000000
0.042725 0.085449 0.085449 0.085449 0.085449 0.042725 0.042725 0.042725
0.000000 0.085449 0.042725 0.085449 0.042725 0.042725 0.000000 0.042725
0.000000 0.042725 0.042725 0.042725 0.042725 0.000000 0.000000 0.000000
0.021362 0.042725 0.042725 0.042725 0.042725 0.021362 0.021362 0.021362
0.000000 0.042725 0.021362 0.042725 0.021362 0.021362 0.000000 0.021362
0.000000 0.021362 0.021362 0.021362 0.021362 0.000000 0.000000 0.000000
0.010681 0.021362 0.021362 0.021362 0.021362 0.010681 0.010681 0.010681
0.000000 0.021362 0.010681 0.021362 0.010681 0.010681 0.000000 0.010681
0.000000 0.010681 0.010681 0.010681 0.010681 0.000000 0.000000 0.000000
0.005341 0.010681 0.010681 0.010681 0.010681 0.005341 0.005341 0.005341
0.000000 0.010681 0.005341 0.010681 0.005341 0.005341 0.000000 0.005341
0.000000 0.005341 0.005341 0.005341 0.005341 0.000000 0.000000 0.000000
0.002670 0.005341 0.005341 0.005341 0.005341 0.002670 0.002670 0.002670
0.000000 0.005341 0.002670 0.005341 0.002670 0.002670 0.000000 0.002670
0.000000 0.002670 0.002670 0.002670 0.002670 0.000000 0.000000 0.000000
0.001335 0.002670 0.002670 0.002670 0.002670 0.001335 0.001335 0.001335
0.000000 0.002670 0.001335 0.002670 0.001335 0.001335 0.000000 0.001335
0.000000 0.001335 0.001335 0.001335 0.001335 0.000000 0.000000 0.000000
0.000668 0.001335 0.001335 0.001335 0.001335 0.000668 0.000668 0.000668
0.000000 0.001335 0.000668 0.001335 0.000668 0.000668 0.000000 0.000668
0.000000 0.000668 0.000668 0.000668 0.000668 0.000000 0.000000 0.000000
0.000334 0.000668 0.000668 0.000668 0.000668 0.000334 0.000334 0.000334
0.000000 0.000668 0.000334 0.000668 0.000334 0.000334 0.000000 0.000334
0.000000 0.000334 0.000334 0.000334 0.000334 0.000000 0.000000 0.000000
0.000167 0.000334 0.000334 0.000334 0.000334 0.000167 0.000167 0.000167
0.000000 0.000334 0.000167 0.000334 0.000167 0.000167 0.000000 0.000167
0.000000 0.000167 0.000167 0.000167 0.000167 0.000000 0.000000 0.000000
0.000083 0.000167 0.000167 0.000167 0.000167 0.000083 0.000083 0.000083
0.000000 0.000167 0.000083 0.000167 0.000083 0.000083 0.000000 0.000083
0.000000 0.000083 0.000083 0.000083 0.000083 0.000000 0.000000 0.000000
0.000083 0.000083 0.000167 0.000083 0.000167 0.000000 0.000083 0.000000
0.000167 0.000167 0.000334 0.000167 0.000334 0.000000 0.000167 0.000000
0.000334 0.000334 0.000668 0.000334 0.000668 0.000000 0.000334 0.000000
0.000668 0.000668 0.001335 0.000668 0.001335 0.000000 0.000668 0.000000
0.001335 0.001335 0.002670 0.001335 0.002670 0.000000 0.001335 0.000000
0.002670 0.002670 0.005341 0.002670 0.005341 0.000000 0.002670 0.000000
0.005341 0.005341 0.010681 0.005341 0.010681 0.000000 0.005341 0.000000
0.010681 0.010681 0.021362 0.010681 0.021362 0.000000 0.010681 0.000000
0.021362 0.021362 0.042725 0.021362 0.042725 0.000000 0.021362 0.000000
0.042725 0.042725 0.085449 0.042725 0.085449 0.000000 0.042725 0.000000
0.085449 0.085449 0.170898 0.085449 0.170898 0.000000 0.085449 0.000000
0.170898 0.170898 0.341797 0.170898 0.341797 0.000000 0.170898 0.000000
0.341797 0.341797 0.683594 0.341797 0.683594 0.000000 0.341797 0.000000
0.683594 0.683594 1.367188 0.683594 1.367188 0.000000 0.683594 0.000000
1.367188 1.367188 2.734375 1.367188 2.734375 0.000000 1.367188 0.000000
2.734375 2.734375 5.468750 2.734375 5.468750 0.000000 2.734375 0.000000
5.468750 5.468750 10.937500 5.468750 10.937500 0.000000 5.468750 0.000000
10.937500 10.937500 21.875000 10.937500 21.875000 0.000000 10.937500 0.000000
21.875000 21.875000 43.750000 21.875000 43.750000 0.000000 21.875000 0.000000
43.750000 43.750000 87.500000 43.750000 87.500000 0.000000 43.750000 0.000000
87.500000 87.500000 175.000000 87.500000 175.000000 0.000000 87.500000 0.000000
131.250000 87.500000 175.000000 87.500000 175.000000 43.750000 131.250000 43.750000
87.500000 87.500000 131.250000 87.500000 131.250000 43.750000 87.500000 43.750000
87.500000 43.750000 131.250000 43.750000 131.250000 0.000000 87.500000 0.000000
109.375000 43.750000 131.250000 43.750000 131.250000 21.875000 109.375000 21.875000
87.500000 43.750000 109.375000 43.750000 109.375000 21.875000 87.500000 21.875000
87.500000 21.875000 109.375000 21.875000 109.375000 0.000000 87.500000 0.000000
98.437500 21.875000 109.375000 21.875000 109.375000 10.937500 98.437500 10.937500
87.500000 21.875000 98.437500 21.875000 98.437500 10.937500 87.500000 10.937500
87.500000 10.937500 98.437500 10.937500 98.437500 0.000000 87.500000 0.000000
92.968750 10.937500 98.437500 10.937500 98.437500 5.468750 92.968750 5.468750
87.500000 10.937500 92.968750 10.937500 92.968750 5.468750 87.500000 5.468750
87.500000 5.468750 92.968750 5.468750 92.968750 0.000000 87.500000 0.000000
90.234375 5.468750 92.968750 5.468750 92.968750 2.734375 90.234375 2.734375
87.500000 5.468750 90.234375 5.468750 90.234375 2.734375 87.500000 2.734375
87.500000 2.734375 90.234375 2.734375 90.234375 0.000000 87.500000 0.000000
88.867188 2.734375 90.234375 2.734375 90.234375 1.367188 88.867188 1.367188
87.500000 2.734375 88.867188 2.734375 88.867188 1.367188 87.500000 1.367188
87.500000 1.367188 88.867188 1.367188 88.867188 0.000000 87.500000 0.000000
88.183594 1.367188 88.867188 1.367188 88.867188 0.683594 88.183594 0.683594
87.500000 1.367188 88.183594 1.367188 88.183594 0.683594 87.500000 0.683594
87.500000 0.683594 88.183594 0.683594 88.183594 0.000000 87.500000 0.000000
87.841797 0.683594 88.183594 0.683594 88.183594 0.341797 87.841797 0.341797
87.500000 0.683594 87.841797 0.683594 87.841797 0.341797 87.500000 0.341797
87.500000 0.341797 87.841797 0.341797 87.841797 0.000000 87.500000 0.000000
87.670898 0.341797 87.841797 0.341797 87.841797 0.170898 87.670898 0.170898
87.500000 0.341797 87.670898 0.341797 87.670898 0.170898 87.500000 0.170898
87.500000 0.170898 87.670898 0.170898 87.670898 0.000000 87.500000 0.000000
87.585449 0.170898 87.670898 0.170898 87.670898 0.085449 87.585449 0.085449
87.500000 0.170898 87.585449 0.170898 87.585449 0.085449 87.500000 0.085449
87.500000 0.085449 87.585449 0.085449 87.585449 0.000000 87.500000 0.000000
87.542725 0.085449 87.585449 0.085449 87.585449 0.042725 87.542725 0.042725
87.500000 0.085449 87.542725 0.085449 87.542725 0.042725 87.500000 0.042725
87.500000 0.042725 87.542725 0.042725 87.542725 0.000000 87.500000 0.000000
87.521362 0.042725 87.542725 0.042725 87.542725 0.021362 87.521362 0.021362
87.500000 0.042725 87.521362 0.042725 87.521362 0.021362 87.500000 0.021362
87.500000 0.021362 87.521362 0.021362 87.521362 0.000000 87.500000 0.000000
87.510681 0.021362 87.521362 0.021362 87.521362 0.010681 87.510681 0.010681
87.500000 0.021362 87.510681 0.021362 87.510681 0.010681 87.500000 0.010681
87.500000 0.010681 87.510681 0.010681 87.510681 0.000000 87.500000 0.000000
87.505341 0.010681 87.510681 0.010681 87.510681 0.005341 87.505341 0.005341
87.500000 0.010681 87.505341 0.010681 87.505341 0.005341 87.500000 0.005341
87.500000 0.005341 87.505341 0.005341 87.505341 0.000000 87.500000 0.000000
87.502670 0.005341 87.505341 0.005341 87.505341 0.002670 87.502670 0.002670
87.500000 0.005341 87.502670 0.005341 87.502670 0.002670 87.500000 0.002670
87.500000 0.002670 87.502670 0.002670 87.502670 0.000000 87.500000 0.000000
87.501335 0.002670 87.502670 0.002670 87.502670 0.001335 87.501335 0.001335
87.500000 0.002670 87.501335 0.002670 87.501335 0.001335 87.500000 0.001335
87.500000 0.001335 87.501335 0.001335 87.501335 0.000000 87.500000 0.000000
87.500671 0.001335 87.501335 0.001335 87.501335 0.000668 87.500671 0.000668
87.500000 0.001335 87.500671 0.001335 87.500671 0.000668 87.500000 0.000668
87.500000 0.000668 87.500671 0.000668 87.500671 0.000000 87.500000 0.000000
87.500336 0.000668 87.500671 0.000668 87.500671 0.000334 87.500336 0.000334
87.500000 0.000668 87.500336 0.000668 87.500336 0.000334 87.500000 0.000334
87.500000 0.000334 87.500336 0.000334 87.500336 0.000000 87.500000 0.000000
87.500168 0.000334 87.500336 0.000334 87.500336 0.000167 87.500168 0.000167
87.500000 0.000334 87.500168 0.000334 87.500168 0.000167 87.500000 0.000167
87.500000 0.000167 87.500168 0.000167 87.500168 0.000000 87.500000 0.000000
87.500084 0.000167 87.500168 0.000167 87.500168 0.000083 87.500084 0.000083
87.500000 0.000167 87.500084 0.000167 87.500084 0.000083 87.500000 0.000083
87.500000 0.000083 87.500084 0.000083 87.500084 0.000000 87.500000 0.000000
87.500084 0.000083 87.500168 0.000083 87.500168 0.000000 87.500084 0.000000
87.500168 0.000167 87.500336 0.000167 87.500336 0.000000 87.500168 0.000000
87.500336 0.000334 87.500671 0.000334 87.500671 0.000000 87.500336 0.000000
87.500671 0.000668 87.501335 0.000668 87.501335 0.000000 87.500671 0.000000
87.501335 0.001335 87.502670 0.001335 87.502670 0.000000 87.501335 0.000000
87.502670 0.002670 87.505341 0.002670 87.505341 0.000000 87.502670 0.000000
87.505341 0.005341 87.510681 0.005341 87.510681 0.000000 87.505341 0.000000
87.510681 0.010681 87.521362 0.010681 87.521362 0.000000 87.510681 0.000000
87.521362 0.021362 87.542725 0.021362 87.542725 0.000000 87.521362 0.000000
87.542725 0.042725 87.585449 0.042725 87.585449 0.000000 87.542725 0.000000
87.585449 0.085449 87.670898 0.085449 87.670898 0.000000 87.585449 0.000000
87.670898 0.170898 87.841797 0.170898 87.841797 0.000000 87.670898 0.000000
87.841797 0.341797 88.183594 0.341797 88.183594 0.000000 87.841797 0.000000
88.183594 0.683594 88.867188 0.683594 88.867188 0.000000 88.183594 0.000000
88.867188 1.367188 90.234375 1.367188 90.234375 0.000000 88.867188 0.000000
90.234375 2.734375 92.968750 2.734375 92.968750 0.000000 90.234375 0.000000
92.968750 5.468750 98.437500 5.468750 98.437500 0.000000 92.968750 0.000000
98.437500 10.937500 109.375000 10.937500 109.375000 0.000000 98.437500 0.000000
109.375000 21.875000 131.250000 21.875000 131.250000 0.000000 109.375000 0.000000
131.250000 43.750000 175.000000 43.750000 175.000000 0.000000 131.250000 0.000000
175.000000 175.000000 350.000000 175.000000 350.000000 0.000000 175.000000 0.000000
262.500000 175.000000 350.000000 175.000000 350.000000 87.500000 262.500000 87.500000
175.000000 175.000000 262.500000 175.000000 262.500000 87.500000 175.000000 87.500000
175.000000 87.500000 262.500000 87.500000 262.500000 0.000000 175.000000 0.000000
262.500000 87.500000 350.000000 87.500000 350.000000 0.000000 262.500000 0.000000
350.000000 350.000000 700.000000 350.000000 700.000000 0.000000 350.000000 0.000000
525.000000 350.000000 700.000000 350.000000 700.000000 175.000000 525.000000 175.000000
350.000000 350.000000 525.000000 350.000000 525.000000 175.000000 350.000000 175.000000
437.500000 350.000000 525.000000 350.000000 525.000000 262.500000 437.500000 262.500000
350.000000 350.000000 437.500000 350.000000 437.500000 262.500000 350.000000 262.500000
393.750000 350.000000 437.500000 350.000000 437.500000 306.250000 393.750000 306.250000
350.000000 350.000000 393.750000 350.000000 393.750000 306.250000 350.000000 306.250000
371.875000 350.000000 393.750000 350.000000 393.750000 328.125000 371.875000 328.125000
350.000000 350.000000 371.875000 350.000000 371.875000 328.125000 350.000000 328.125000
360.937500 350.000000 371.875000 350.000000 371.875000 339.062500 360.937500 339.062500
350.000000 350.000000 360.937500 350.000000 360.937500 339.062500 350.000000 339.062500
355.468750 350.000000 360.937500 350.000000 360.937500 344.531250 355.468750 344.531250
350.000000 350.000000 355.468750 350.000000 355.468750 344.531250 350.000000 344.531250
352.734375 350.000000 355.468750 350.000000 355.468750 347.265625 352.734375 347.265625
350.000000 350.000000 352.734375 350.000000 352.734375 347.265625 350.000000 347.265625
351.367188 350.000000 352.734375 350.000000 352.734375 348.632813 351.367188 348.632813
350.000000 350.000000 351.367188 350.000000 351.367188 348.632813 350.000000 348.632813
350.683594 350.000000 351.367188 350.000000 351.367188 349.316406 350.683594 349.316406
350.000000 350.000000 350.683594 350.000000 350.683594 349.316406 350.000000 349.316406
350.341797 350.000000 350.683594 350.000000 350.683594 349.658203 350.341797 349.658203
350.000000 350.000000 350.341797 350.000000 350.341797 349.658203 350.000000 349.658203
350.170898 350.000000 350.341797 350.000000 350.341797 349.829102 350.170898 349.829102
350.000000 350.000000 350.170898 350.000000 350.170898 349.829102 350.000000 349.829102
350.085449 350.000000 350.170898 350.000000 350.170898 349.914551 350.085449 349.914551
350.000000 350.000000 350.085449 350.000000 350.085449 349.914551 350.000000 349.914551
350.042725 350.000000 350.085449 350.000000 350.085449 349.957275 350.042725 349.957275
350.000000 350.000000 350.042725 350.000000 350.042725 349.957275 350.000000 349.957275
350.021362 350.000000 350.042725 350.000000 350.042725 349.978638 350.021362 349.978638
350.000000 350.000000 350.021362 350.000000 350.021362 349.978638 350.000000 349.978638
350.010681 350.000000 350.021362 350.000000 350.021362 349.989319 350.010681 349.989319
350.000000 350.000000 350.010681 350.000000 350.010681 349.989319 350.000000 349.989319
350.005341 350.000000 350.010681 350.000000 350.010681 349.994659 350.005341 349.994659
350.000000 350.000000 350.005341 350.000000 350.005341 349.994659 350.000000 349.994659
350.002686 350.000000 350.005341 350.000000 350.005341 349.997314 350.002686 349.997314
350.000000 350.000000 350.002686 350.000000 350.002686 349.997314 350.000000 349.997314
350.001343 350.000000 350.002686 350.000000 350.002686 349.998657 350.001343 349.998657
350.000000 350.000000 350.001343 350.000000 350.001343 349.998657 350.000000 349.998657
350.000671 350.000000 350.001343 350.000000 350.001343 349.999329 350.000671 349.999329
350.000000 350.000000 350.000671 350.000000 350.000671 349.999329 350.000000 349.999329
350.000336 350.000000 350.000671 350.000000 350.000671 349.999664 350.000336 349.999664
350.000000 350.000000 350.000336 350.000000 350.000336 349.999664 350.000000 349.999664
350.000183 350.000000 350.000336 350.000000 350.000336 349.999817 350.000183 349.999817
350.000000 350.000000 350.000183 350.000000 350.000183 349.999817 350.000000 349.999817
350.000092 350.000000 350.000183 350.000000 350.000183 349.999908 350.000092 349.999908
350.000000 350.000000 350.000092 350.000000 350.000092 349.999908 350.000000 349.999908
350.000000 349.999908 350.000092 349.999908 350.000092 349.999817 350.000000 349.999817
350.000092 349.999908 350.000183 349.999908 350.000183 349.999817 350.000092 349.999817
350.000000 349.999817 350.000183 349.999817 350.000183 349.999664 350.000000 349.999664
350.000183 349.999817 350.000336 349.999817 350.000336 349.999664 350.000183 349.999664
350.000000 349.999664 350.000336 349.999664 350.000336 349.999329 350.000000 349.999329
350.000336 349.999664 350.000671 349.999664 350.000671 349.999329 350.000336 349.999329
350.000000 349.999329 350.000671 349.999329 350.000671 349.998657 350.000000 349.998657
350.000671 349.999329 350.001343 349.999329 350.001343 349.998657 350.000671 349.998657
350.000000 349.998657 350.001343 349.998657 350.001343 349.997314 350.000000 349.997314
350.001343 349.998657 350.002686 349.998657 350.002686 349.997314 350.001343 349.997314
350.000000 349.997314 350.002686 349.997314 350.002686 349.994659 350.000000 349.994659
350.002686 349.997314 350.005341 349.997314 350.005341 349.994659 350.002686 349.994659
350.000000 349.994659 350.005341 349.994659 350.005341 349.989319 350.000000 349.989319
350.005341 349.994659 350.010681 349.994659 350.010681 349.989319 350.005341 349.989319
350.000000 349.989319 350.010681 349.989319 350.010681 349.978638 350.000000 349.978638
350.010681 349.989319 350.021362 349.989319 350.021362 349.978638 350.010681 349.978638
350.000000 349.978638 350.021362 349.978638 350.021362 349.957275 350.000000 349.957275
350.021362 349.978638 350.042725 349.978638 350.042725 349.957275 350.021362 349.957275
350.000000 349.957275 350.042725 349.957275 350.042725 349.914551 350.000000 349.914551
350.042725 349.957275 350.085449 349.957275 350.085449 349.914551 350.042725 349.914551
350.000000 349.914551 350.085449 349.914551 350.085449 349.829102 350.000000 349.829102
350.085449 349.914551 350.170898 349.914551 350.170898 349.829102 350.085449 349.829102
350.000000 349.829102 350.170898 349.829102 350.170898 349.658203 350.000000 349.658203
350.170898 349.829102 350.341797 349.829102 350.341797 349.658203 350.170898 349.658203
350.000000 349.658203 350.341797 349.658203 350.341797 349.316406 350.000000 349.316406
350.341797 349.658203 350.683594 349.658203 350.683594 349.316406 350.341797 349.316406
350.000000 349.316406 350.683594 349.316406 350.683594 348.632813 350.000000 348.632813
350.683594 349.316406 351.367188 349.316406 351.367188 348.632813 350.683594 348.632813
350.000000 348.632813 351.367188 348.632813 351.367188 347.265625 350.000000 347.265625
351.367188 348.632813 352.734375 348.632813 352.734375 347.265625 351.367188 347.265625
350.000000 347.265625 352.734375 347.265625 352.734375 344.531250 350.000000 344.531250
352.734375 347.265625 355.468750 347.265625 355.468750 344.531250 352.734375 344.531250
350.000000 344.531250 355.468750 344.531250 355.468750 339.062500 350.000000 339.062500
355.468750 344.531250 360.937500 344.531250 360.937500 339.062500 355.468750 339.062500
350.000000 339.062500 360.937500 339.062500 360.937500 328.125000 350.000000 328.125000
360.937500 339.062500 371.875000 339.062500 371.875000 328.125000 360.937500 328.125000
350.000000 328.125000 371.875000 328.125000 371.875000 306.250000 350.000000 306.250000
371.875000 328.125000 393.750000 328.125000 393.750000 306.250000 371.875000 306.250000
350.000000 306.250000 393.750000 306.250000 393.750000 262.500000 350.000000 262.500000
393.750000 306.250000 437.500000 306.250000 437.500000 262.500000 393.750000 262.500000
350.000000 262.500000 437.500000 262.500000 437.500000 175.000000 350.000000 175.000000
437.500000 262.500000 525.000000 262.500000 525.000000 175.000000 437.500000 175.000000
350.000000 175.000000 525.000000 175.000000 525.000000 0.000000 350.000000 0.000000
437.500000 175.000000 525.000000 175.000000 525.000000 87.500000 437.500000 87.500000
350.000000 175.000000 437.500000 175.000000 437.500000 87.500000 350.000000 87.500000
350.000000 87.500000 437.500000 87.500000 437.500000 0.000000 350.000000 0.000000
393.750000 87.500000 437.500000 87.500000 437.500000 43.750000 393.750000 43.750000
350.000000 87.500000 393.750000 87.500000 393.750000 43.750000 350.000000 43.750000
350.000000 43.750000 393.750000 43.750000 393.750000 0.000000 350.000000 0.000000
371.875000 43.750000 393.750000 43.750000 393.750000 21.875000 371.875000 21.875000
350.000000 43.750000 371.875000 43.750000 371.875000 21.875000 350.000000 21.875000
350.000000 21.875000 371.875000 21.875000 371.875000 0.000000 350.000000 0.000000
360.937500 21.875000 371.875000 21.875000 371.875000 10.937500 360.937500 10.937500
350.000000 21.875000 360.937500 21.875000 360.937500 10.937500 350.000000 10.937500
350.000000 10.937500 360.937500 10.937500 360.937500 0.000000 350.000000 0.000000
355.468750 10.937500 360.937500 10.937500 360.937500 5.468750 355.468750 5.468750
350.000000 10.937500 355.468750 10.937500 355.468750 5.468750 350.000000 5.468750
350.000000 5.468750 355.468750 5.468750 355.468750 0.000000 350.000000 0.000000
352.734375 5.468750 355.468750 5.468750 355.468750 2.734375 352.734375 2.734375
350.000000 5.468750 352.734375 5.468750 352.734375 2.734375 350.000000 2.734375
350.000000 2.734375 352.734375 2.734375 352.734375 0.000000 350.000000 0.000000
351.367188 2.734375 352.734375 2.734375 352.734375 1.367188 351.367188 1.367188
350.000000 2.734375 351.367188 2.734375 351.367188 1.367188 350.000000 1.367188
350.000000 1.367188 351.367188 1.367188 351.367188 0.000000 350.000000 0.000000
350.683594 1.367188 351.367188 1.367188 351.367188 0.683594 350.683594 0.683594
350.000000 1.367188 350.683594 1.367188 350.683594 0.683594 350.000000 0.683594
350.000000 0.683594 350.683594 0.683594 350.683594 0.000000 350.000000 0.000000
350.341797 0.683594 350.683594 0.683594 350.683594 0.341797 350.341797 0.341797
350.000000 0.683594 350.341797 0.683594 350.341797 0.341797 350.000000 0.341797
350.000000 0.341797 350.341797 0.341797 350.341797 0.000000 350.000000 0.000000
350.170898 0.341797 350.341797 0.341797 350.341797 0.170898 350.170898 0.170898
350.000000 0.341797 350.170898 0.341797 350.170898 0.170898 350.000000 0.170898
350.000000 0.170898 350.170898 0.170898 350.170898 0.000000 350.000000 0.000000
350.085449 0.170898 350.170898 0.170898 350.170898 0.085449 350.085449 0.085449
350.000000 0.170898 350.085449 0.170898 350.085449 0.085449 350.000000 0.085449
350.000000 0.085449 350.085449 0.085449 350.085449 0.000000 350.000000 0.000000
350.042725 0.085449 350.085449 0.085449 350.085449 0.042725 350.042725 0.042725
350.000000 0.085449 350.042725 0.085449 350.042725 0.042725 350.000000 0.042725
350.000000 0.042725 350.042725 0.042725 350.042725 0.000000 350.000000 0.000000
350.021362 0.042725 350.042725 0.042725 350.042725 0.021362 350.021362 0.021362
350.000000 0.042725 350.021362 0.042725 350.021362 0.021362 350.000000 0.021362
350.000000 0.021362 350.021362 0.021362 350.021362 0.000000 350.000000 0.000000
350.010681 0.021362 350.021362 0.021362 350.021362 0.010681 350.010681 0.010681
350.000000 0.021362 350.010681 0.021362 350.010681 0.010681 350.000000 0.010681
350.000000 0.010681 350.010681 0.010681 350.010681 0.000000 350.000000 0.000000
350.005341 0.010681 350.010681 0.010681 350.010681 0.005341 350.005341 0.005341
350.000000 0.010681 350.005341 0.010681 350.005341 0.005341 350.000000 0.005341
350.000000 0.005341 350.005341 0.005341 350.005341 0.000000 350.000000 0.000000
350.002686 0.005341 350.005341 0.005341 350.005341 0.002670 350.002686 0.002670
350.000000 0.005341 350.002686 0.005341 350.002686 0.002670 350.000000 0.002670
350.000000 0.002670 350.002686 0.002670 350.002686 0.000000 350.000000 0.000000
350.001343 0.002670 350.002686 0.002670 350.002686 0.001335 350.001343 0.001335
350.000000 0.002670 350.001343 0.002670 350.001343 0.001335 350.000000 0.001335
350.000000 0.001335 350.001343 0.001335 350.001343 0.000000 350.000000 0.000000
350.000671 0.001335 350.001343 0.001335 350.001343 0.000668 350.000671 0.000668
350.000000 0.001335 350.000671 0.001335 350.000671 0.000668 350.000000 0.000668
350.000000 0.000668 350.000671 0.000668 350.000671 0.000000 350.000000 0.000000
350.000336 0.000668 350.000671 0.000668 350.000671 0.000334 350.000336 0.000334
350.000000 0.000668 350.000336 0.000668 350.000336 0.000334 350.000000 0.000334
350.000000 0.000334 350.000336 0.000334 350.000336 0.000000 350.000000 0.000000
350.000183 0.000334 350.000336 0.000334 350.000336 0.000167 350.000183 0.000167
350.000000 0.000334 350.000183 0.000334 350.000183 0.000167 350.000000 0.000167
350.000000 0.000167 350.000183 0.000167 350.000183 0.000000 350.000000 0.000000
350.000092 0.000167 350.000183 0.000167 350.000183 0.000083 350.000092 0.000083
350.000000 0.000167 350.000092 0.000167 350.000092 0.000083 350.000000 0.000083
350.000000 0.000083 350.000092 0.000083 350.000092 0.000000 350.000000 0.000000
350.000092 0.000083 350.000183 0.000083 350.000183 0.000000 350.000092 0.000000
350.000183 0.000167 350.000336 0.000167 350.000336 0.000000 350.000183 0.000000
350.000336 0.000334 350.000671 0.000334 350.000671 0.000000 350.000336 0.000000
350.000671 0.000668 350.001343 0.000668 350.001343 0.000000 350.000671 0.000000
350.001343 0.001335 350.002686 0.001335 350.002686 0.000000 350.001343 0.000000
350.002686 0.002670 350.005341 0.002670 350.005341 0.000000 350.002686 0.000000
350.005341 0.005341 350.010681 0.005341 350.010681 0.000000 350.005341 0.000000
350.010681 0.010681 350.021362 0.010681 350.021362 0.000000 350.010681 0.000000
350.021362 0.021362 350.042725 0.021362 350.042725 0.000000 350.021362 0.000000
350.042725 0.042725 350.085449 0.042725 350.085449 0.000000 350.042725 0.000000
350.085449 0.085449 350.170898 0.085449 350.170898 0.000000 350.085449 0.000000
350.170898 0.170898 350.341797 0.170898 350.341797 0.000000 350.170898 0.000000
350.341797 0.341797 350.683594 0.341797 350.683594 0.000000 350.341797 0.000000
350.683594 0.683594 351.367188 0.683594 351.367188 0.000000 350.683594 0.000000
351.367188 1.367188 352.734375 1.367188 352.734375 0.000000 351.367188 0.000000
352.734375 2.734375 355.468750 2.734375 355.468750 0.000000 352.734375 0.000000
355.468750 5.468750 360.937500 5.468750 360.937500 0.000000 355.468750 0.000000
360.937500 10.937500 371.875000 10.937500 371.875000 0.000000 360.937500 0.000000
371.875000 21.875000 393.750000 21.875000 393.750000 0.000000 371.875000 0.000000
393.750000 43.750000 437.500000 43.750000 437.500000 0.000000 393.750000 0.000000
437.500000 87.500000 525.000000 87.500000 525.000000 0.000000 437.500000 0.000000
525.000000 175.000000 700.000000 175.000000 700.000000 0.000000 525.000000 0.000000
-700.000000 700.000000 0.000000 700.000000 0.000000 0.000000 -700.000000 0.000000
-350.000000 700.000000 0.000000 700.000000 0.000000 350.000000 -350.000000 350.000000
-700.000000 700.000000 -350.000000 700.000000 -350.000000 350.000000 -700.000000 350.000000
-700.000000 350.000000 -350.000000 350.000000 -350.000000 0.000000 -700.000000 0.000000
-525.000000 350.000000 -350.000000 350.000000 -350.000000 175.000000 -525.000000 175.000000
-700.000000 350.000000 -525.000000 350.000000 -525.000000 175.000000 -700.000000 175.000000
-700.000000 175.000000 -525.000000 175.000000 -525.000000 0.000000 -700.000000 0.000000
-612.500000 175.000000 -525.000000 175.000000 -525.000000 87.500000 -612.500000 87.500000
-700.000000 175.000000 -612.500000 175.000000 -612.500000 87.500000 -700.000000 87.500000
-700.000000 87.500000 -612.500000 87.500000 -612.500000 0.000000 -700.000000 0.000000
-612.500000 87.500000 -525.000000 87.500000 -525.000000 0.000000 -612.500000 0.000000
-525.000000 175.000000 -350.000000 175.000000 -350.000000 0.000000 -525.000000 0.000000
-350.000000 350.000000 0.000000 350.000000 0.000000 0.000000 -350.000000 0.000000
-175.000000 350.000000 0.000000 350.000000 0.000000 175.000000 -175.000000 175.000000
-87.500000 350.000000 0.000000 350.000000 0.000000 262.500000 -87.500000 262.500000
-175.000000 350.000000 -87.500000 350.000000 -87.500000 262.500000 -175.000000 262.500000
-175.000000 262.500000 -87.500000 262.500000 -87.500000 175.000000 -175.000000 175.000000
-87.500000 262.500000 0.000000 262.500000 0.000000 175.000000 -87.500000 175.000000
-350.000000 350.000000 -175.000000 350.000000 -175.000000 175.000000 -350.000000 175.000000
-350.000000 175.000000 -175.000000 175.000000 -175.000000 0.000000 -350.000000 0.000000
-175.000000 175.000000 0.000000 175.000000 0.000000 0.000000 -175.000000 0.000000
-87.500000 175.000000 0.000000 175.000000 0.000000 87.500000 -87.500000 87.500000
-175.000000 175.000000 -87.500000 175.000000 -87.500000 87.500000 -175.000000 87.500000
-131.250000 175.000000 -87.500000 175.000000 -87.500000 131.250000 -131.250000 131.250000
-175.000000 175.000000 -131.250000 175.000000 -131.250000 131.250000 -175.000000 131.250000
-153.125000 175.000000 -131.250000 175.000000 -131.250000 153.125000 -153.125000 153.125000
-175.000000 175.000000 -153.125000 175.000000 -153.125000 153.125000 -175.000000 153.125000
-175.000000 153.125000 -153.125000 153.125000 -153.125000 131.250000 -175.000000 131.250000
-164.062500 153.125000 -153.125000 153.125000 -153.125000 142.187500 -164.062500 142.187500
-175.000000 153.125000 -164.062500 153.125000 -164.062500 142.187500 -175.000000 142.187500
-169.531250 153.125000 -164.062500 153.125000 -164.062500 147.656250 -169.531250 147.656250
-175.000000 153.125000 -169.531250 153.125000 -169.531250 147.656250 -175.000000 147.656250
-175.000000 147.656250 -169.531250 147.656250 -169.531250 142.187500 -175.000000 142.187500
-169.531250 147.656250 -164.062500 147.656250 -164.062500 142.187500 -169.531250 142.187500
-175.000000 142.187500 -164.062500 142.187500 -164.062500 131.250000 -175.000000 131.250000
-164.062500 142.187500 -153.125000 142.187500 -153.125000 131.250000 -164.062500 131.250000
-153.125000 153.125000 -131.250000 153.125000 -131.250000 131.250000 -153.125000 131.250000
-175.000000 131.250000 -131.250000 131.250000 -131.250000 87.500000 -175.000000 87.500000
-131.250000 131.250000 -87.500000 131.250000 -87.500000 87.500000 -131.250000 87.500000
-175.000000 87.500000 -87.500000 87.500000 -87.500000 0.000000 -175.000000 0.000000
-87.500000 87.500000 0.000000 87.500000 0.000000 0.000000 -87.500000 0.000000
-43.750000 87.500000 0.000000 87.500000 0.000000 43.750000 -43.750000 43.750000
-87.500000 87.500000 -43.750000 87.500000 -43.750000 43.750000 -87.500000 43.750000
-87.500000 43.750000 -43.750000 43.750000 -43.750000 0.000000 -87.500000 0.000000
-43.750000 43.750000 0.000000 43.750000 0.000000 0.000000 -43.750000 0.000000
-21.875000 43.750000 0.000000 43.750000 0.000000 21.875000 -21.875000 21.875000
-43.750000 43.750000 -21.875000 43.750000 -21.875000 21.875000 -43.750000 21.875000
-43.750000 21.875000 -21.875000 21.875000 -21.875000 0.000000 -43.750000 0.000000
-21.875000 21.875000 0.000000 21.875000 0.000000 0.000000 -21.875000 0.000000
-10.937500 21.875000 0.000000 21.875000 0.000000 10.937500 -10.937500 10.937500
-21.875000 21.875000 -10.937500 21.875000 -10.937500 10.937500 -21.875000 10.937500
-21.875000 10.937500 -10.937500 10.937500 -10.937500 0.000000 -21.875000 0.000000
-10.937500 10.937500 0.000000 10.937500 0.000000 0.000000 -10.937500 0.000000
-5.468750 10.937500 0.000000 10.937500 0.000000 5.468750 -5.468750 5.468750
-10.937500 10.937500 -5.468750 10.937500 -5.468750 5.468750 -10.937500 5.468750
-10.937500 5.468750 -5.468750 5.468750 -5.468750 0.000000 -10.937500 0.000000
-5.468750 5.468750 0.000000 5.468750 0.000000 0.000000 -5.468750 0.000000
-2.734375 5.468750 0.000000 5.468750 0.000000 2.734375 -2.734375 2.734375
-5.468750 5.468750 -2.734375 5.468750 -2.734375 2.734375 -5.468750 2.734375
-5.468750 2.734375 -2.734375 2.734375 -2.734375 0.000000 -5.468750 0.000000
-2.734375 2.734375 0.000000 2.734375 0.000000 0.000000 -2.734375 0.000000
-1.367188 2.734375 0.000000 2.734375 0.000000 1.367188 -1.367188 1.367188
-2.734375 2.734375 -1.367188 2.734375 -1.367188 1.367188 -2.734375 1.367188
-2.734375 1.367188 -1.367188 1.367188 -1.367188 0.000000 -2.734375 0.000000
-1.367188 1.367188 0.000000 1.367188 0.000000 0.000000 -1.367188 0.000000
-0.683594 1.367188 0.000000 1.367188 0.000000 0.683594 -0.683594 0.683594
-1.367188 1.367188 -0.683594 1.367188 -0.683594 0.683594 -1.367188 0.683594
-1.367188 0.683594 -0.683594 0.683594 -0.683594 0.000000 -1.367188 0.000000
-0.683594 0.683594 0.000000 0.683594 0.000000 0.000000 -0.683594 0.000000
-0.341797 0.683594 0.000000 0.683594 0.000000 0.341797 -0.341797 0.341797
-0.683594 0.683594 -0.341797 0.683594 -0.341797 0.341797 -0.683594 0.341797
-0.683594 0.341797 -0.341797 0.341797 -0.341797 0.000000 -0.683594 0.000000
-0.341797 0.341797 0.000000 0.341797 0.000000 0.000000 -0.341797 0.000000
-0.170898 0.341797 0.000000 0.341797 0.000000 0.170898 -0.170898 0.170898
-0.341797 0.341797 -0.170898 0.341797 -0.170898 0.170898 -0.341797 0.170898
-0.341797 0.170898 -0.170898 0.170898 -0.170898 0.000000 -0.341797 0.000000
-0.170898 0.170898 0.000000 0.170898 0.000000 0.000000 -0.170898 0.000000
-0.085449 0.170898 0.000000 0.170898 0.000000 0.085449 -0.085449 0.085449
-0.170898 0.170898 -0.085449 0.170898 -0.085449 0.085449 -0.170898 0.085449
-0.170898 0.085449 -0.085449 0.085449 -0.085449 0.000000 -0.170898 0.000000
-0.085449 0.085449 0.000000 0.085449 0.000000 0.000000 -0.085449 0.000000
-0.042725 0.085449 0.000000 0.085449 0.000000 0.042725 -0.042725 0.042725
-0.085449 0.085449 -0.042725 0.085449 -0.042725 0.042725 -0.085449 0.042725
-0.085449 0.042725 -0.042725 0.042725 -0.042725 0.000000 -0.085449 0.000000
-0.042725 0.042725 0.000000 0.042725 0.000000 0.000000 -0.042725 0.000000
-0.021362 0.042725 0.000000 0.042725 0.000000 0.021362 -0.021362 0.021362
-0.042725 0.042725 -0.021362 0.042725 -0.021362 0.021362 -0.042725 0.021362
-0.042725 0.021362 -0.021362 0.021362 -0.021362 0.000000 -0.042725 0.000000
-0.021362 0.021362 0.000000 0.021362 0.000000 0.000000 -0.021362 0.000000
-0.010681 0.021362 0.000000 0.021362 0.000000 0.010681 -0.010681 0.010681
-0.021362 0.021362 -0.010681 0.021362 -0.010681 0.010681 -0.021362 0.010681
-0.021362 0.010681 -0.010681 0.010681 -0.010681 0.000000 -0.021362 0.000000
-0.010681 0.010681 0.000000 0.010681 0.000000 0.000000 -0.010681 0.000000
-0.005341 0.010681 0.000000 0.010681 0.000000 0.005341 -0.005341 0.005341
-0.010681 0.010681 -0.005341 0.010681 -0.005341 0.005341 -0.010681 0.005341
-0.010681 0.005341 -0.005341 0.005341 -0.005341 0.000000 -0.010681 0.000000
-0.005341 0.005341 0.000000 0.005341 0.000000 0.000000 -0.005341 0.000000
-0.002670 0.005341 0.000000 0.005341 0.000000 0.002670 -0.002670 0.002670
-0.005341 0.005341 -0.002670 0.005341 -0.002670 0.002670 -0.005341 0.002670
-0.005341 0.002670 -0.002670 0.002670 -0.002670 0.000000 -0.005341 0.000000
-0.002670 0.002670 0.000000 0.002670 0.000000 0.000000 -0.002670 0.000000
-0.001335 0.002670 0.000000 0.002670 0.000000 0.001335 -0.001335 0.001335
-0.002670 0.002670 -0.001335 0.002670 -0.001335 0.001335 -0.002670 0.001335
-0.002670 0.001335 -0.001335 0.001335 -0.001335 0.000000 -0.002670 0.000000
-0.001335 0.001335 0.000000 0.001335 0.000000 0.000000 -0.001335 0.000000
-0.000668 0.001335 0.000000 0.001335 0.000000 0.000668 -0.000668 0.000668
-0.001335 0.001335 -0.000668 0.001335 -0.000668 0.000668 -0.001335 0.000668
-0.001335 0.000668 -0.000668 0.000668 -0.000668 0.000000 -0.001335 0.000000
-0.000668 0.000668 0.000000 0.000668 0.000000 0.000000 -0.000668 0.000000
-0.000334 0.000668 0.000000 0.000668 0.000000 0.000334 -0.000334 0.000334
-0.000668 0.000668 -0.000334 0.000668 -0.000334 0.000334 -0.000668 0.000334
-0.000668 0.000334 -0.000334 0.000334 -0.000334 0.000000 -0.000668 0.000000
-0.000334 0.000334 0.000000 0.000334 0.000000 0.000000 -0.000334 0.000000
-0.000167 0.000334 0.000000 0.000334 0.000000 0.000167 -0.000167 0.000167
-0.000334 0.000334 -0.000167 0.000334 -0.000167 0.000167 -0.000334 0.000167
-0.000334 0.000167 -0.000167 0.000167 -0.000167 0.000000 -0.000334 0.000000
-0.000167 0.000167 0.000000 0.000167 0.000000 0.000000 -0.000167 0.000000
-0.000083 0.000167 0.000000 0.000167 0.000000 0.000083 -0.000083 0.000083
-0.000167 0.000167 -0.000083 0.000167 -0.000083 0.000083 -0.000167 0.000083
-0.000167 0.000083 -0.000083 0.000083 -0.000083 0.000000 -0.000167 0.000000
-0.000083 0.000083 0.000000 0.000083 0.000000 0.000000 -0.000083 0.000000
-700.000000 0.000000 0.000000 0.000000 0.000000 -700.000000 -700.000000 -700.000000
-350.000000 0.000000 0.000000 0.000000 0.000000 -350.000000 -350.000000 -350.000000
-175.000000 0.000000 0.000000 0.000000 0.000000 -175.000000 -175.000000 -175.000000
-87.500000 0.000000 0.000000 0.000000 0.000000 -87.500000 -87.500000 -87.500000
-43.750000 0.000000 0.000000 0.000000 0.000000 -43.750000 -43.750000 -43.750000
-21.875000 0.000000 0.000000 0.000000 0.000000 -21.875000 -21.875000 -21.875000
-10.937500 0.000000 0.000000 0.000000 0.000000 -10.937500 -10.937500 -10.937500
-5.468750 0.000000 0.000000 0.000000 0.000000 -5.468750 -5.468750 -5.468750
-2.734375 0.000000 0.000000 0.000000 0.000000 -2.734375 -2.734375 -2.734375
-1.367188 0.000000 0.000000 0.000000 0.000000 -1.367188 -1.367188 -1.367188
-0.683594 0.000000 0.000000 0.000000 0.000000 -0.683594 -0.683594 -0.683594
-0.341797 0.000000 0.000000 0.000000 0.000000 -0.341797 -0.341797 -0.341797
-0.170898 0.000000 0.000000 0.000000 0.000000 -0.170898 -0.170898 -0.170898
-0.085449 0.000000 0.000000 0.000000 0.000000 -0.085449 -0.085449 -0.085449
-0.042725 0.000000 0.000000 0.000000 0.000000 -0.042725 -0.042725 -0.042725
-0.021362 0.000000 0.000000 0.000000 0.000000 -0.021362 -0.021362 -0.021362
-0.010681 0.000000 0.000000 0.000000 0.000000 -0.010681 -0.010681 -0.010681
-0.005341 0.000000 0.000000 0.000000 0.000000 -0.005341 -0.005341 -0.005341
-0.002670 0.000000 0.000000 0.000000 0.000000 -0.002670 -0.002670 -0.002670
-0.001335 0.000000 0.000000 0.000000 0.000000 -0.001335 -0.001335 -0.001335
-0.000668 0.000000 0.000000 0.000000 0.000000 -0.000668 -0.000668 -0.000668
-0.000334 0.000000 0.000000 0.000000 0.000000 -0.000334 -0.000334 -0.000334
-0.000167 0.000000 0.000000 0.000000 0.000000 -0.000167 -0.000167 -0.000167
-0.000083 0.000000 0.000000 0.000000 0.000000 -0.000083 -0.000083 -0.000083
-0.000167 0.000000 -0.000083 0.000000 -0.000083 -0.000083 -0.000167 -0.000083
-0.000167 -0.000083 -0.000083 -0.000083 -0.000083 -0.000167 -0.000167 -0.000167
-0.000083 -0.000083 0.000000 -0.000083 0.000000 -0.000167 -0.000083 -0.000167
-0.000334 0.000000 -0.000167 0.000000 -0.000167 -0.000167 -0.000334 -0.000167
-0.000334 -0.000167 -0.000167 -0.000167 -0.000167 -0.000334 -0.000334 -0.000334
-0.000167 -0.000167 0.000000 -0.000167 0.000000 -0.000334 -0.000167 -0.000334
-0.000668 0.000000 -0.000334 0.000000 -0.000334 -0.000334 -0.000668 -0.000334
-0.000668 -0.000334 -0.000334 -0.000334 -0.000334 -0.000668 -0.000668 -0.000668
-0.000334 -0.000334 0.000000 -0.000334 0.000000 -0.000668 -0.000334 -0.000668
-0.001335 0.000000 -0.000668 0.000000 -0.000668 -0.000668 -0.001335 -0.000668
-0.001335 -0.000668 -0.000668 -0.000668 -0.000668 -0.001335 -0.001335 -0.001335
-0.000668 -0.000668 0.000000 -0.000668 0.000000 -0.001335 -0.000668 -0.001335
-0.002670 0.000000 -0.001335 0.000000 -0.001335 -0.001335 -0.002670 -0.001335
-0.002670 -0.001335 -0.001335 -0.001335 -0.001335 -0.002670 -0.002670 -0.002670
-0.001335 -0.001335 0.000000 -0.001335 0.000000 -0.002670 -0.001335 -0.002670
-0.005341 0.000000 -0.002670 0.000000 -0.002670 -0.002670 -0.005341 -0.002670
-0.005341 -0.002670 -0.002670 -0.002670 -0.002670 -0.005341 -0.005341 -0.005341
-0.002670 -0.002670 0.000000 -0.002670 0.000000 -0.005341 -0.002670 -0.005341
-0.010681 0.000000 -0.005341 0.000000 -0.005341 -0.005341 -0.010681 -0.005341
-0.010681 -0.005341 -0.005341 -0.005341 -0.005341 -0.010681 -0.010681 -0.010681
-0.005341 -0.005341 0.000000 -0.005341 0.000000 -0.010681 -0.005341 -0.010681
-0.021362 0.000000 -0.010681 0.000000 -0.010681 -0.010681 -0.021362 -0.010681
-0.021362 -0.010681 -0.010681 -0.010681 -0.010681 -0.021362 -0.021362 -0.021362
-0.010681 -0.010681 0.000000 -0.010681 0.000000 -0.021362 -0.010681 -0.021362
-0.042725 0.000000 -0.021362 0.000000 -0.021362 -0.021362 -0.042725 -0.021362
-0.042725 -0.021362 -0.021362 -0.021362 -0.021362 -0.042725 -0.042725 -0.042725
-0.021362 -0.021362 0.000000 -0.021362 0.000000 -0.042725 -0.021362 -0.042725
-0.085449 0.000000 -0.042725 0.000000 -0.042725 -0.042725 -0.085449 -0.042725
-0.085449 -0.042725 -0.042725 -0.042725 -0.042725 -0.085449 -0.085449 -0.085449
-0.042725 -0.042725 0.000000 -0.042725 0.000000 -0.085449 -0.042725 -0.085449
-0.170898 0.000000 -0.085449 0.000000 -0.085449 -0.085449 -0.170898 -0.085449
-0.170898 -0.085449 -0.085449 -0.085449 -0.085449 -0.170898 -0.170898 -0.170898
-0.085449 -0.085449 0.000000 -0.085449 0.000000 -0.170898 -0.085449 -0.170898
-0.341797 0.000000 -0.170898 0.000000 -0.170898 -0.170898 -0.341797 -0.170898
-0.341797 -0.170898 -0.170898 -0.170898 -0.170898 -0.341797 -0.341797 -0.341797
-0.170898 -0.170898 0.000000 -0.170898 0.000000 -0.341797 -0.170898 -0.341797
-0.683594 0.000000 -0.341797 0.000000 -0.341797 -0.341797 -0.683594 -0.341797
-0.683594 -0.341797 -0.341797 -0.341797 -0.341797 -0.683594 -0.683594 -0.683594
-0.341797 -0.341797 0.000000 -0.341797 0.000000 -0.683594 -0.341797 -0.683594
-1.367188 0.000000 -0.683594 0.000000 -0.683594 -0.683594 -1.367188 -0.683594
-1.367188 -0.683594 -0.683594 -0.683594 -0.683594 -1.367188 -1.367188 -1.367188
-0.683594 -0.683594 0.000000 -0.683594 0.000000 -1.367188 -0.683594 -1.367188
-2.734375 0.000000 -1.367188 0.000000 -1.367188 -1.367188 -2.734375 -1.367188
-2.734375 -1.367188 -1.367188 -1.367188 -1.367188 -2.734375 -2.734375 -2.734375
-1.367188 -1.367188 0.000000 -1.367188 0.000000 -2.734375 -1.367188 -2.734375
-5.468750 0.000000 -2.734375 0.000000 -2.734375 -2.734375 -5.468750 -2.734375
-5.468750 -2.734375 -2.734375 -2.734375 -2.734375 -5.468750 -5.468750 -5.468750
-2.734375 -2.734375 0.000000 -2.734375 0.000000 -5.468750 -2.734375 -5.468750
-10.937500 0.000000 -5.468750 0.000000 -5.468750 -5.468750 -10.937500 -5.468750
-10.937500 -5.468750 -5.468750 -5.468750 -5.468750 -10.937500 -10.937500 -10.937500
-5.468750 -5.468750 0.000000 -5.468750 0.000000 -10.937500 -5.468750 -10.937500
-21.875000 0.000000 -10.937500 0.000000 -10.937500 -10.937500 -21.875000 -10.937500
-21.875000 -10.937500 -10.937500 -10.937500 -10.937500 -21.875000 -21.875000 -21.875000
-10.937500 -10.937500 0.000000 -10.937500 0.000000 -21.875000 -10.937500 -21.875000
-43.750000 0.000000 -21.875000 0.000000 -21.875000 -21.875000 -43.750000 -21.875000
-43.750000 -21.875000 -21.875000 -21.875000 -21.875000 -43.750000 -43.750000 -43.750000
-21.875000 -21.875000 0.000000 -21.875000 0.000000 -43.750000 -21.875000 -43.750000
-87.500000 0.000000 -43.750000 0.000000 -43.750000 -43.750000 -87.500000 -43.750000
-87.500000 -43.750000 -43.750000 -43.750000 -43.750000 -87.500000 -87.500000 -87.500000
-43.750000 -43.750000 0.000000 -43.750000 0.000000 -87.500000 -43.750000 -87.500000
-175.000000 0.000000 -87.500000 0.000000 -87.500000 -87.500000 -175.000000 -87.500000
-175.000000 -87.500000 -87.500000 -87.500000 -87.500000 -175.000000 -175.000000 -175.000000
-87.500000 -87.500000 0.000000 -87.500000 0.000000 -175.000000 -87.500000 -175.000000
-350.000000 0.000000 -175.000000 0.000000 -175.000000 -175.000000 -350.000000 -175.000000
-262.500000 0.000000 -175.000000 0.000000 -175.000000 -87.500000 -262.500000 -87.500000
-218.750000 0.000000 -175.000000 0.000000 -175.000000 -43.750000 -218.750000 -43.750000
-196.875000 0.000000 -175.000000 0.000000 -175.000000 -21.875000 -196.875000 -21.875000
-185.937500 0.000000 -175.000000 0.000000 -175.000000 -10.937500 -185.937500 -10.937500
-180.468750 0.000000 -175.000000 0.000000 -175.000000 -5.468750 -180.468750 -5.468750
-177.734375 0.000000 -175.000000 0.000000 -175.000000 -2.734375 -177.734375 -2.734375
-176.367188 0.000000 -175.000000 0.000000 -175.000000 -1.367188 -176.367188 -1.367188
-175.683594 0.000000 -175.000000 0.000000 -175.000000 -0.683594 -175.683594 -0.683594
-175.341797 0.000000 -175.000000 0.000000 -175.000000 -0.341797 -175.341797 -0.341797
-175.170898 0.000000 -175.000000 0.000000 -175.000000 -0.170898 -175.170898 -0.170898
-175.085449 0.000000 -175.000000 0.000000 -175.000000 -0.085449 -175.085449 -0.085449
-175.042725 0.000000 -175.000000 0.000000 -175.000000 -0.042725 -175.042725 -0.042725
-175.021362 0.000000 -175.000000 0.000000 -175.000000 -0.021362 -175.021362 -0.021362
-175.010681 0.000000 -175.000000 0.000000 -175.000000 -0.010681 -175.010681 -0.010681
-175.005341 0.000000 -175.000000 0.000000 -175.000000 -0.005341 -175.005341 -0.005341
-175.002670 0.000000 -175.000000 0.000000 -175.000000 -0.002670 -175.002670 -0.002670
-175.001343 0.000000 -175.000000 0.000000 -175.000000 -0.001335 -175.001343 -0.001335
-175.000671 0.000000 -175.000000 0.000000 -175.000000 -0.000668 -175.000671 -0.000668
-175.000336 0.000000 -175.000000 0.000000 -175.000000 -0.000334 -175.000336 -0.000334
-175.000168 0.000000 -175.000000 0.000000 -175.000000 -0.000167 -175.000168 -0.000167
-175.000092 0.000000 -175.000000 0.000000 -175.000000 -0.000083 -175.000092 -0.000083
-175.000168 0.000000 -175.000092 0.000000 -175.000092 -0.000083 -175.000168 -0.000083
-175.000168 -0.000083 -175.000092 -0.000083 -175.000092 -0.000167 -175.000168 -0.000167
-175.000092 -0.000083 -175.000000 -0.000083 -175.000000 -0.000167 -175.000092 -0.000167
-175.000336 0.000000 -175.000168 0.000000 -175.000168 -0.000167 -175.000336 -0.000167
-175.000336 -0.000167 -175.000168 -0.000167 -175.000168 -0.000334 -175.000336 -0.000334
-175.000168 -0.000167 -175.000000 -0.000167 -175.000000 -0.000334 -175.000168 -0.000334
-175.000671 0.000000 -175.000336 0.000000 -175.000336 -0.000334 -175.000671 -0.000334
-175.000671 -0.000334 -175.000336 -0.000334 -175.000336 -0.000668 -175.000671 -0.000668
-175.000336 -0.000334 -175.000000 -0.000334 -175.000000 -0.000668 -175.000336 -0.000668
-175.001343 0.000000 -175.000671 0.000000 -175.000671 -0.000668 -175.001343 -0.000668
-175.001343 -0.000668 -175.000671 -0.000668 -175.000671 -0.001335 -175.001343 -0.001335
-175.000671 -0.000668 -175.000000 -0.000668 -175.000000 -0.001335 -175.000671 -0.001335
-175.002670 0.000000 -175.001343 0.000000 -175.001343 -0.001335 -175.002670 -0.001335
-175.002670 -0.001335 -175.001343 -0.001335 -175.001343 -0.002670 -175.002670 -0.002670
-175.001343 -0.001335 -175.000000 -0.001335 -175.000000 -0.002670 -175.001343 -0.002670
-175.005341 0.000000 -175.002670 0.000000 -175.002670 -0.002670 -175.005341 -0.002670
-175.005341 -0.002670 -175.002670 -0.002670 -175.002670 -0.005341 -175.005341 -0.005341
-175.002670 -0.002670 -175.000000 -0.002670 -175.000000 -0.005341 -175.002670 -0.005341
-175.010681 0.000000 -175.005341 0.000000 -175.005341 -0.005341 -175.010681 -0.005341
-175.010681 -0.005341 -175.005341 -0.005341 -175.005341 -0.010681 -175.010681 -0.010681
-175.005341 -0.005341 -175.000000 -0.005341 -175.000000 -0.010681 -175.005341 -0.010681
-175.021362 0.000000 -175.010681 0.000000 -175.010681 -0.010681 -175.021362 -0.010681
-175.021362 -0.010681 -175.010681 -0.010681 -175.010681 -0.021362 -175.021362 -0.021362
-175.010681 -0.010681 -175.000000 -0.010681 -175.000000 -0.021362 -175.010681 -0.021362
-175.042725 0.000000 -175.021362 0.000000 -175.021362 -0.021362 -175.042725 -0.021362
-175.042725 -0.021362 -175.021362 -0.021362 -175.021362 -0.042725 -175.042725 -0.042725
-175.021362 -0.021362 -175.000000 -0.021362 -175.000000 -0.042725 -175.021362 -0.042725
-175.085449 0.000000 -175.042725 0.000000 -175.042725 -0.042725 -175.085449 -0.042725
-175.085449 -0.042725 -175.042725 -0.042725 -175.042725 -0.085449 -175.085449 -0.085449
-175.042725 -0.042725 -175.000000 -0.042725 -175.000000 -0.085449 -175.042725 -0.085449
-175.170898 0.000000 -175.085449 0.000000 -175.085449 -0.085449 -175.170898 -0.085449
-175.170898 -0.085449 -175.085449 -0.085449 -175.085449 -0.170898 -175.170898 -0.170898
-175.085449 -0.085449 -175.000000 -0.085449 -175.000000 -0.170898 -175.085449 -0.170898
-175.341797 0.000000 -175.170898 0.000000 -175.170898 -0.170898 -175.341797 -0.170898
-175.341797 -0.170898 -175.170898 -0.170898 -175.170898 -0.341797 -175.341797 -0.341797
-175.170898 -0.170898 -175.000000 -0.170898 -175.000000 -0.341797 -175.170898 -0.341797
-175.683594 0.000000 -175.341797 0.000000 -175.341797 -0.341797 -175.683594 -0.341797
-175.683594 -0.341797 -175.341797 -0.341797 -175.341797 -0.683594 -175.683594 -0.683594
-175.341797 -0.341797 -175.000000 -0.341797 -175.000000 -0.683594 -175.341797 -0.683594
-176.367188 0.000000 -175.683594 0.000000 -175.683594 -0.683594 -176.367188 -0.683594
-176.367188 -0.683594 -175.683594 -0.683594 -175.683594 -1.367188 -176.367188 -1.367188
-175.683594 -0.683594 -175.000000 -0.683594 -175.000000 -1.367188 -175.683594 -1.367188
-177.734375 0.000000 -176.367188 0.000000 -176.367188 -1.367188 -177.734375 -1.367188
-177.734375 -1.367188 -176.367188 -1.367188 -176.367188 -2.734375 -177.734375 -2.734375
-176.367188 -1.367188 -175.000000 -1.367188 -175.000000 -2.734375 -176.367188 -2.734375
-180.468750 0.000000 -177.734375 0.000000 -177.734375 -2.734375 -180.468750 -2.734375
-180.468750 -2.734375 -177.734375 -2.734375 -177.734375 -5.468750 -180.468750 -5.468750
-177.734375 -2.734375 -175.000000 -2.734375 -175.000000 -5.468750 -177.734375 -5.468750
-185.937500 0.000000 -180.468750 0.000000 -180.468750 -5.468750 -185.937500 -5.468750
-185.937500 -5.468750 -180.468750 -5.468750 -180.468750 -10.937500 -185.937500 -10.937500
-180.468750 -5.468750 -175.000000 -5.468750 -175.000000 -10.937500 -180.468750 -10.937500
-196.875000 0.000000 -185.937500 0.000000 -185.937500 -10.937500 -196.875000 -10.937500
-196.875000 -10.937500 -185.937500 -10.937500 -185.937500 -21.875000 -196.875000 -21.875000
-185.937500 -10.937500 -175.000000 -10.937500 -175.000000 -21.875000 -185.937500 -21.875000
-218.750000 0.000000 -196.875000 0.000000 -196.875000 -21.875000 -218.750000 -21.875000
-218.750000 -21.875000 -196.875000 -21.875000 -196.875000 -43.750000 -218.750000 -43.750000
-196.875000 -21.875000 -175.000000 -21.875000 -175.000000 -43.750000 -196.875000 -43.750000
-262.500000 0.000000 -218.750000 0.000000 -218.750000 -43.750000 -262.500000 -43.750000
-262.500000 -43.750000 -218.750000 -43.750000 -218.750000 -87.500000 -262.500000 -87.500000
-218.750000 -43.750000 -175.000000 -43.750000 -175.000000 -87.500000 -218.750000 -87.500000
-350.000000 0.000000 -262.500000 0.000000 -262.500000 -87.500000 -350.000000 -87.500000
-350.000000 -87.500000 -262.500000 -87.500000 -262.500000 -175.000000 -350.000000 -175.000000
-306.250000 -87.500000 -262.500000 -87.500000 -262.500000 -131.250000 -306.250000 -131.250000
-350.000000 -87.500000 -306.250000 -87.500000 -306.250000 -131.250000 -350.000000 -131.250000
-350.000000 -131.250000 -306.250000 -131.250000 -306.250000 -175.000000 -350.000000 -175.000000
-306.250000 -131.250000 -262.500000 -131.250000 -262.500000 -175.000000 -306.250000 -175.000000
-262.500000 -87.500000 -175.000000 -87.500000 -175.000000 -175.000000 -262.500000 -175.000000
-218.750000 -87.500000 -175.000000 -87.500000 -175.000000 -131.250000 -218.750000 -131.250000
-196.875000 -87.500000 -175.000000 -87.500000 -175.000000 -109.375000 -196.875000 -109.375000
-218.750000 -87.500000 -196.875000 -87.500000 -196.875000 -109.375000 -218.750000 -109.375000
-218.750000 -109.375000 -196.875000 -109.375000 -196.875000 -131.250000 -218.750000 -131.250000
-196.875000 -109.375000 -175.000000 -109.375000 -175.000000 -131.250000 -196.875000 -131.250000
-262.500000 -87.500000 -218.750000 -87.500000 -218.750000 -131.250000 -262.500000 -131.250000
-262.500000 -131.250000 -218.750000 -131.250000 -218.750000 -175.000000 -262.500000 -175.000000
-218.750000 -131.250000 -175.000000 -131.250000 -175.000000 -175.000000 -218.750000 -175.000000
-350.000000 -175.000000 -175.000000 -175.000000 -175.000000 -350.000000 -350.000000 -350.000000
-175.000000 -175.000000 0.000000 -175.000000 0.000000 -350.000000 -175.000000 -350.000000
-700.000000 0.000000 -350.000000 0.000000 -350.000000 -350.000000 -700.000000 -350.000000
-525.000000 0.000000 -350.000000 0.000000 -350.000000 -175.000000 -525.000000 -175.000000
-437.500000 0.000000 -350.000000 0.000000 -350.000000 -87.500000 -437.500000 -87.500000
-393.750000 0.000000 -350.000000 0.000000 -350.000000 -43.750000 -393.750000 -43.750000
-371.875000 0.000000 -350.000000 0.000000 -350.000000 -21.875000 -371.875000 -21.875000
-360.937500 0.000000 -350.000000 0.000000 -350.000000 -10.937500 -360.937500 -10.937500
-355.468750 0.000000 -350.000000 0.000000 -350.000000 -5.468750 -355.468750 -5.468750
-352.734375 0.000000 -350.000000 0.000000 -350.000000 -2.734375 -352.734375 -2.734375
-351.367188 0.000000 -350.000000 0.000000 -350.000000 -1.367188 -351.367188 -1.367188
-350.683594 0.000000 -350.000000 0.000000 -350.000000 -0.683594 -350.683594 -0.683594
-350.341797 0.000000 -350.000000 0.000000 -350.000000 -0.341797 -350.341797 -0.341797
-350.170898 0.000000 -350.000000 0.000000 -350.000000 -0.170898 -350.170898 -0.170898
-350.085449 0.000000 -350.000000 0.000000 -350.000000 -0.085449 -350.085449 -0.085449
-350.042725 0.000000 -350.000000 0.000000 -350.000000 -0.042725 -350.042725 -0.042725
-350.021362 0.000000 -350.000000 0.000000 -350.000000 -0.021362 -350.021362 -0.021362
-350.010681 0.000000 -350.000000 0.000000 -350.000000 -0.010681 -350.010681 -0.010681
-350.005341 0.000000 -350.000000 0.000000 -350.000000 -0.005341 -350.005341 -0.005341
-350.002686 0.000000 -350.000000 0.000000 -350.000000 -0.002670 -350.002686 -0.002670
-350.001343 0.000000 -350.000000 0.000000 -350.000000 -0.001335 -350.001343 -0.001335
-350.000671 0.000000 -350.000000 0.000000 -350.000000 -0.000668 -350.000671 -0.000668
-350.000336 0.000000 -350.000000 0.000000 -350.000000 -0.000334 -350.000336 -0.000334
-350.000183 0.000000 -350.000000 0.000000 -350.000000 -0.000167 -350.000183 -0.000167
-350.000092 0.000000 -350.000000 0.000000 -350.000000 -0.000083 -350.000092 -0.000083
-350.000183 0.000000 -350.000092 0.000000 -350.000092 -0.000083 -350.000183 -0.000083
-350.000183 -0.000083 -350.000092 -0.000083 -350.000092 -0.000167 -350.000183 -0.000167
-350.000092 -0.000083 -350.000000 -0.000083 -350.000000 -0.000167 -350.000092 -0.000167
-350.000336 0.000000 -350.000183 0.000000 -350.000183 -0.000167 -350.000336 -0.000167
-350.000336 -0.000167 -350.000183 -0.000167 -350.000183 -0.000334 -350.000336 -0.000334
-350.000183 -0.000167 -350.000000 -0.000167 -350.000000 -0.000334 -350.000183 -0.000334
-350.000671 0.000000 -350.000336 0.000000 -350.000336 -0.000334 -350.000671 -0.000334
-350.000671 -0.000334 -350.000336 -0.000334 -350.000336 -0.000668 -350.000671 -0.000668
-350.000336 -0.000334 -350.000000 -0.000334 -350.000000 -0.000668 -350.000336 -0.000668
-350.001343 0.000000 -350.000671 0.000000 -350.000671 -0.000668 -350.001343 -0.000668
-350.001343 -0.000668 -350.000671 -0.000668 -350.000671 -0.001335 -350.001343 -0.001335
-350.000671 -0.000668 -350.000000 -0.000668 -350.000000 -0.001335 -350.000671 -0.001335
-350.002686 0.000000 -350.001343 0.000000 -350.001343 -0.001335 -350.002686 -0.001335
-350.002686 -0.001335 -350.001343 -0.001335 -350.001343 -0.002670 -350.002686 -0.002670
-350.001343 -0.001335 -350.000000 -0.001335 -350.000000 -0.002670 -350.001343 -0.002670
-350.005341 0.000000 -350.002686 0.000000 -350.002686 -0.002670 -350.005341 -0.002670
-350.005341 -0.002670 -350.002686 -0.002670 -350.002686 -0.005341 -350.005341 -0.005341
-350.002686 -0.002670 -350.000000 -0.002670 -350.000000 -0.005341 -350.002686 -0.005341
-350.010681 0.000000 -350.005341 0.000000 -350.005341 -0.005341 -350.010681 -0.005341
-350.010681 -0.005341 -350.005341 -0.005341 -350.005341 -0.010681 -350.010681 -0.010681
-350.005341 -0.005341 -350.000000 -0.005341 -350.000000 -0.010681 -350.005341 -0.010681
-350.021362 0.000000 -350.010681 0.000000 -350.010681 -0.010681 -350.021362 -0.010681
-350.021362 -0.010681 -350.010681 -0.010681 -350.010681 -0.021362 -350.021362 -0.021362
-350.010681 -0.010681 -350.000000 -0.010681 -350.000000 -0.021362 -350.010681 -0.021362
-350.042725 0.000000 -350.021362 0.000000 -350.021362 -0.021362 -350.042725 -0.021362
-350.042725 -0.021362 -350.021362 -0.021362 -350.021362 -0.042725 -350.042725 -0.042725
-350.021362 -0.021362 -350.000000 -0.021362 -350.000000 -0.042725 -350.021362 -0.042725
-350.085449 0.000000 -350.042725 0.000000 -350.042725 -0.042725 -350.085449 -0.042725
-350.085449 -0.042725 -350.042725 -0.042725 -350.042725 -0.085449 -350.085449 -0.085449
-350.042725 -0.042725 -350.000000 -0.042725 -350.000000 -0.085449 -350.042725 -0.085449
-350.170898 0.000000 -350.085449 0.000000 -350.085449 -0.085449 -350.170898 -0.085449
-350.170898 -0.085449 -350.085449 -0.085449 -350.085449 -0.170898 -350.170898 -0.170898
-350.085449 -0.085449 -350.000000 -0.085449 -350.000000 -0.170898 -350.085449 -0.170898
-350.341797 0.000000 -350.170898 0.000000 -350.170898 -0.170898 -350.341797 -0.170898
-350.341797 -0.170898 -350.170898 -0.170898 -350.170898 -0.341797 -350.341797 -0.341797
-350.170898 -0.170898 -350.000000 -0.170898 -350.000000 -0.341797 -350.170898 -0.341797
-350.683594 0.000000 -350.341797 0.000000 -350.341797 -0.341797 -350.683594 -0.341797
-350.683594 -0.341797 -350.341797 -0.341797 -350.341797 -0.683594 -350.683594 -0.683594
-350.341797 -0.341797 -350.000000 -0.341797 -350.000000 -0.683594 -350.341797 -0.683594
-351.367188 0.000000 -350.683594 0.000000 -350.683594 -0.683594 -351.367188 -0.683594
-351.367188 -0.683594 -350.683594 -0.683594 -350.683594 -1.367188 -351.367188 -1.367188
-350.683594 -0.683594 -350.000000 -0.683594 -350.000000 -1.367188 -350.683594 -1.367188
-352.734375 0.000000 -351.367188 0.000000 -351.367188 -1.367188 -352.734375 -1.367188
-352.734375 -1.367188 -351.367188 -1.367188 -351.367188 -2.734375 -352.734375 -2.734375
-351.367188 -1.367188 -350.000000 -1.367188 -350.000000 -2.734375 -351.367188 -2.734375
-355.468750 0.000000 -352.734375 0.000000 -352.734375 -2.734375 -355.468750 -2.734375
-355.468750 -2.734375 -352.734375 -2.734375 -352.734375 -5.468750 -355.468750 -5.468750
-352.734375 -2.734375 -350.000000 -2.734375 -350.000000 -5.468750 -352.734375 -5.468750
-360.937500 0.000000 -355.468750 0.000000 -355.468750 -5.468750 -360.937500 -5.468750
-360.937500 -5.468750 -355.468750 -5.468750 -355.468750 -10.937500 -360.937500 -10.937500
-355.468750 -5.468750 -350.000000 -5.468750 -350.000000 -10.937500 -355.468750 -10.937500
-371.875000 0.000000 -360.937500 0.000000 -360.937500 -10.937500 -371.875000 -10.937500
-371.875000 -10.937500 -360.937500 -10.937500 -360.937500 -21.875000 -371.875000 -21.875000
-360.937500 -10.937500 -350.000000 -10.937500 -350.000000 -21.875000 -360.937500 -21.875000
-393.750000 0.000000 -371.875000 0.000000 -371.875000 -21.875000 -393.750000 -21.875000
-393.750000 -21.875000 -371.875000 -21.875000 -371.875000 -43.750000 -393.750000 -43.750000
-371.875000 -21.875000 -350.000000 -21.875000 -350.000000 -43.750000 -371.875000 -43.750000
-437.500000 0.000000 -393.750000 0.000000 -393.750000 -43.750000 -437.500000 -43.750000
-437.500000 -43.750000 -393.750000 -43.750000 -393.750000 -87.500000 -437.500000 -87.500000
-393.750000 -43.750000 -350.000000 -43.750000 -350.000000 -87.500000 -393.750000 -87.500000
-525.000000 0.000000 -437.500000 0.000000 -437.500000 -87.500000 -525.000000 -87.500000
-525.000000 -87.500000 -437.500000 -87.500000 -437.500000 -175.000000 -525.000000 -175.000000
-437.500000 -87.500000 -350.000000 -87.500000 -350.000000 -175.000000 -437.500000 -175.000000
-700.000000 0.000000 -525.000000 0.000000 -525.000000 -175.000000 -700.000000 -175.000000
-700.000000 -175.000000 -525.000000 -175.000000 -525.000000 -350.000000 -700.000000 -350.000000
-525.000000 -175.000000 -350.000000 -175.000000 -350.000000 -350.000000 -525.000000 -350.000000
-437.500000 -175.000000 -350.000000 -175.000000 -350.000000 -262.500000 -437.500000 -262.500000
-525.000000 -175.000000 -437.500000 -175.000000 -437.500000 -262.500000 -525.000000 -262.500000
-525.000000 -262.500000 -437.500000 -262.500000 -437.500000 -350.000000 -525.000000 -350.000000
-437.500000 -262.500000 -350.000000 -262.500000 -350.000000 -350.000000 -437.500000 -350.000000
-393.750000 -262.500000 -350.000000 -262.500000 -350.000000 -306.250000 -393.750000 -306.250000
-437.500000 -262.500000 -393.750000 -262.500000 -393.750000 -306.250000 -437.500000 -306.250000
-437.500000 -306.250000 -393.750000 -306.250000 -393.750000 -350.000000 -437.500000 -350.000000
-393.750000 -306.250000 -350.000000 -306.250000 -350.000000 -350.000000 -393.750000 -350.000000
-371.875000 -306.250000 -350.000000 -306.250000 -350.000000 -328.125000 -371.875000 -328.125000
-393.750000 -306.250000 -371.875000 -306.250000 -371.875000 -328.125000 -393.750000 -328.125000
-393.750000 -328.125000 -371.875000 -328.125000 -371.875000 -350.000000 -393.750000 -350.000000
-371.875000 -328.125000 -350.000000 -328.125000 -350.000000 -350.000000 -371.875000 -350.000000
-360.937500 -328.125000 -350.000000 -328.125000 -350.000000 -339.062500 -360.937500 -339.062500
-371.875000 -328.125000 -360.937500 -328.125000 -360.937500 -339.062500 -371.875000 -339.062500
-371.875000 -339.062500 -360.937500 -339.062500 -360.937500 -350.000000 -371.875000 -350.000000
-360.937500 -339.062500 -350.000000 -339.062500 -350.000000 -350.000000 -360.937500 -350.000000
-355.468750 -339.062500 -350.000000 -339.062500 -350.000000 -344.531250 -355.468750 -344.531250
-360.937500 -339.062500 -355.468750 -339.062500 -355.468750 -344.531250 -360.937500 -344.531250
-360.937500 -344.531250 -355.468750 -344.531250 -355.468750 -350.000000 -360.937500 -350.000000
-355.468750 -344.531250 -350.000000 -344.531250 -350.000000 -350.000000 -355.468750 -350.000000
-352.734375 -344.531250 -350.000000 -344.531250 -350.000000 -347.265625 -352.734375 -347.265625
-355.468750 -344.531250 -352.734375 -344.531250 -352.734375 -347.265625 -355.468750 -347.265625
-355.468750 -347.265625 -352.734375 -347.265625 -352.734375 -350.000000 -355.468750 -350.000000
-352.734375 -347.265625 -350.000000 -347.265625 -350.000000 -350.000000 -352.734375 -350.000000
-351.367188 -347.265625 -350.000000 -347.265625 -350.000000 -348.632813 -351.367188 -348.632813
-352.734375 -347.265625 -351.367188 -347.265625 -351.367188 -348.632813 -352.734375 -348.632813
-352.734375 -348.632813 -351.367188 -348.632813 -351.367188 -350.000000 -352.734375 -350.000000
-351.367188 -348.632813 -350.000000 -348.632813 -350.000000 -350.000000 -351.367188 -350.000000
-350.683594 -348.632813 -350.000000 -348.632813 -350.000000 -349.316406 -350.683594 -349.316406
-351.367188 -348.632813 -350.683594 -348.632813 -350.683594 -349.316406 -351.367188 -349.316406
-351.367188 -349.316406 -350.683594 -349.316406 -350.683594 -350.000000 -351.367188 -350.000000
-350.683594 -349.316406 -350.000000 -349.316406 -350.000000 -350.000000 -350.683594 -350.000000
-350.341797 -349.316406 -350.000000 -349.316406 -350.000000 -349.658203 -350.341797 -349.658203
-350.683594 -349.316406 -350.341797 -349.316406 -350.341797 -349.658203 -350.683594 -349.658203
-350.683594 -349.658203 -350.341797 -349.658203 -350.341797 -350.000000 -350.683594 -350.000000
-350.341797 -349.658203 -350.000000 -349.658203 -350.000000 -350.000000 -350.341797 -350.000000
-350.170898 -349.658203 -350.000000 -349.658203 -350.000000 -349.829102 -350.170898 -349.829102
-350.341797 -349.658203 -350.170898 -349.658203 -350.170898 -349.829102 -350.341797 -349.829102
-350.341797 -349.829102 -350.170898 -349.829102 -350.170898 -350.000000 -350.341797 -350.000000
-350.170898 -349.829102 -350.000000 -349.829102 -350.000000 -350.000000 -350.170898 -350.000000
-350.085449 -349.829102 -350.000000 -349.829102 -350.000000 -349.914551 -350.085449 -349.914551
-350.170898 -349.829102 -350.085449 -349.829102 -350.085449 -349.914551 -350.170898 -349.914551
-350.170898 -349.914551 -350.085449 -349.914551 -350.085449 -350.000000 -350.170898 -350.000000
-350.085449 -349.914551 -350.000000 -349.914551 -350.000000 -350.000000 -350.085449 -350.000000
-350.042725 -349.914551 -350.000000 -349.914551 -350.000000 -349.957275 -350.042725 -349.957275
-350.085449 -349.914551 -350.042725 -349.914551 -350.042725 -349.957275 -350.085449 -349.957275
-350.085449 -349.957275 -350.042725 -349.957275 -350.042725 -350.000000 -350.085449 -350.000000
-350.042725 -349.957275 -350.000000 -349.957275 -350.000000 -350.000000 -350.042725 -350.000000
-350.021362 -349.957275 -350.000000 -349.957275 -350.000000 -349.978638 -350.021362 -349.978638
-350.042725 -349.957275 -350.021362 -349.957275 -350.021362 -349.978638 -350.042725 -349.978638
-350.042725 -349.978638 -350.021362 -349.978638 -350.021362 -350.000000 -350.042725 -350.000000
-350.021362 -349.978638 -350.000000 -349.978638 -350.000000 -350.000000 -350.021362 -350.000000
-350.010681 -349.978638 -350.000000 -349.978638 -350.000000 -349.989319 -350.010681 -349.989319
-350.021362 -349.978638 -350.010681 -349.978638 -350.010681 -349.989319 -350.021362 -349.989319
-350.021362 -349.989319 -350.010681 -349.989319 -350.010681 -350.000000 -350.021362 -350.000000
-350.010681 -349.989319 -350.000000 -349.989319 -350.000000 -350.000000 -350.010681 -350.000000
-350.005341 -349.989319 -350.000000 -349.989319 -350.000000 -349.994659 -350.005341 -349.994659
-350.010681 -349.989319 -350.005341 -349.989319 -350.005341 -349.994659 -350.010681 -349.994659
-350.010681 -349.994659 -350.005341 -349.994659 -350.005341 -350.000000 -350.010681 -350.000000
-350.005341 -349.994659 -350.000000 -349.994659 -350.000000 -350.000000 -350.005341 -350.000000
-350.002686 -349.994659 -350.000000 -349.994659 -350.000000 -349.997314 -350.002686 -349.997314
-350.005341 -349.994659 -350.002686 -349.994659 -350.002686 -349.997314 -350.005341 -349.997314
-350.005341 -349.997314 -350.002686 -349.997314 -350.002686 -350.000000 -350.005341 -350.000000
-350.002686 -349.997314 -350.000000 -349.997314 -350.000000 -350.000000 -350.002686 -350.000000
-350.001343 -349.997314 -350.000000 -349.997314 -350.000000 -349.998657 -350.001343 -349.998657
-350.002686 -349.997314 -350.001343 -349.997314 -350.001343 -349.998657 -350.002686 -349.998657
-350.002686 -349.998657 -350.001343 -349.998657 -350.001343 -350.000000 -350.002686 -350.000000
-350.001343 -349.998657 -350.000000 -349.998657 -350.000000 -350.000000 -350.001343 -350.000000
-350.000671 -349.998657 -350.000000 -349.998657 -350.000000 -349.999329 -350.000671 -349.999329
-350.001343 -349.998657 -350.000671 -349.998657 -350.000671 -349.999329 -350.001343 -349.999329
-350.001343 -349.999329 -350.000671 -349.999329 -350.000671 -350.000000 -350.001343 -350.000000
-350.000671 -349.999329 -350.000000 -349.999329 -350.000000 -350.000000 -350.000671 -350.000000
-350.000336 -349.999329 -350.000000 -349.999329 -350.000000 -349.999664 -350.000336 -349.999664
-350.000671 -349.999329 -350.000336 -349.999329 -350.000336 -349.999664 -350.000671 -349.999664
-350.000671 -349.999664 -350.000336 -349.999664 -350.000336 -350.000000 -350.000671 -350.000000
-350.000336 -349.999664 -350.000000 -349.999664 -350.000000 -350.000000 -350.000336 -350.000000
-350.000183 -349.999664 -350.000000 -349.999664 -350.000000 -349.999817 -350.000183 -349.999817
-350.000336 -349.999664 -350.000183 -349.999664 -350.000183 -349.999817 -350.000336 -349.999817
-350.000336 -349.999817 -350.000183 -349.999817 -350.000183 -350.000000 -350.000336 -350.000000
-350.000183 -349.999817 -350.000000 -349.999817 -350.000000 -350.000000 -350.000183 -350.000000
-350.000092 -349.999817 -350.000000 -349.999817 -350.000000 -349.999908 -350.000092 -349.999908
-350.000183 -349.999817 -350.000092 -349.999817 -350.000092 -349.999908 -350.000183 -349.999908
-350.000183 -349.999908 -350.000092 -349.999908 -350.000092 -350.000000 -350.000183 -350.000000
-350.000092 -349.999908 -350.000000 -349.999908 -350.000000 -350.000000 -350.000092 -350.000000
-700.000000 -350.000000 -350.000000 -350.000000 -350.000000 -700.000000 -700.000000 -700.000000
-350.000000 -350.000000 0.000000 -350.000000 0.000000 -700.000000 -350.000000 -700.000000
-175.000000 -350.000000 0.000000 -350.000000 0.000000 -525.000000 -175.000000 -525.000000
-350.000000 -350.000000 -175.000000 -350.000000 -175.000000 -525.000000 -350.000000 -525.000000
-350.000000 -525.000000 -175.000000 -525.000000 -175.000000 -700.000000 -350.000000 -700.000000
-175.000000 -525.000000 0.000000 -525.000000 0.000000 -700.000000 -175.000000 -700.000000
-87.500000 -525.000000 0.000000 -525.000000 0.000000 -612.500000 -87.500000 -612.500000
-175.000000 -525.000000 -87.500000 -525.000000 -87.500000 -612.500000 -175.000000 -612.500000
-175.000000 -612.500000 -87.500000 -612.500000 -87.500000 -700.000000 -175.000000 -700.000000
-87.500000 -612.500000 0.000000 -612.500000 0.000000 -700.000000 -87.500000 -700.000000
-43.750000 -612.500000 0.000000 -612.500000 0.000000 -656.250000 -43.750000 -656.250000
-87.500000 -612.500000 -43.750000 -612.500000 -43.750000 -656.250000 -87.500000 -656.250000
-87.500000 -656.250000 -43.750000 -656.250000 -43.750000 -700.000000 -87.500000 -700.000000
-43.750000 -656.250000 0.000000 -656.250000 0.000000 -700.000000 -43.750000 -700.000000
0.000000 0.000000 700.000000 0.000000 700.000000 -700.000000 0.000000 -700.000000
