-700.000000 700.000000 700.000000 700.000000 700.000000 -700.000000 -700.000000 -700.000000
0.000000 700.000000 700.000000 700.000000 700.000000 0.000000 0.000000 0.000000
350.000000 700.000000 700.000000 700.000000 700.000000 350.000000 350.000000 350.000000
0.000000 700.000000 350.000000 700.000000 350.000000 350.000000 0.000000 350.000000
175.000000 700.000000 350.000000 700.000000 350.000000 525.000000 175.000000 525.000000
0.000000 700.000000 175.000000 700.000000 175.000000 525.000000 0.000000 525.000000
87.500000 700.000000 175.000000 700.000000 175.000000 612.500000 87.500000 612.500000
0.000000 700.000000 87.500000 700.000000 87.500000 612.500000 0.000000 612.500000
43.750000 700.000000 87.500000 700.000000 87.500000 656.250000 43.750000 656.250000
0.000000 700.000000 43.750000 700.000000 43.750000 656.250000 0.000000 656.250000
0.000000 656.250000 43.750000 656.250000 43.750000 612.500000 0.000000 612.500000
43.750000 656.250000 87.500000 656.250000 87.500000 612.500000 43.750000 612.500000
0.000000 612.500000 87.500000 612.500000 87.500000 525.000000 0.000000 525.000000
87.500000 612.500000 175.000000 612.500000 175.000000 525.000000 87.500000 525.000000
0.000000 525.000000 175.000000 525.000000 175.000000 350.000000 0.000000 350.000000
175.000000 525.000000 350.000000 525.000000 350.000000 350.000000 175.000000 350.000000
0.000000 350.000000 350.000000 350.000000 350.000000 0.000000 0.000000 0.000000
175.000000 350.000000 350.000000 350.000000 350.000000 175.000000 175.000000 175.000000
0.000000 350.000000 175.000000 350.000000 175.000000 175.000000 0.000000 175.000000
87.500000 350.000000 175.000000 350.000000 175.000000 262.500000 87.500000 262.500000
0.000000 350.000000 87.500000 350.000000 87.500000 262.500000 0.000000 262.500000
0.000000 262.500000 87.500000 262.500000 87.500000 175.000000 0.000000 175.000000
87.500000 262.500000 175.000000 262.500000 175.000000 175.000000 87.500000 175.000000
0.000000 175.000000 175.000000 175.000000 175.000000 0.000000 0.000000 0.000000
87.500000 175.000000 175.000000 175.000000 175.000000 87.500000 87.500000 87.500000
131.250000 175.000000 175.000000 175.000000 175.000000 131.250000 131.250000 131.250000
87.500000 175.000000 131.250000 175.000000 131.250000 131.250000 87.500000 131.250000
87.500000 131.250000 131.250000 131.250000 131.250000 87.500000 87.500000 87.500000
109.375000 131.250000 131.250000 131.250000 131.250000 109.375000 109.375000 109.375000
87.500000 131.250000 109.375000 131.250000 109.375000 109.375000 87.500000 109.375000
87.500000 109.375000 109.375000 109.375000 109.375000 87.500000 87.500000 87.500000
109.375000 109.375000 131.250000 109.375000 131.250000 87.500000 109.375000 87.500000
131.250000 131.250000 175.000000 131.250000 175.000000 87.500000 131.250000 87.500000
0.000000 175.000000 87.500000 175.000000 87.500000 87.500000 0.000000 87.500000
0.000000 87.500000 87.500000 87.500000 87.500000 0.000000 0.000000 0.000000
43.750000 87.500000 87.500000 87.500000 87.500000 43.750000 43.750000 43.750000
0.000000 87.500000 43.750000 87.500000 43.750000 43.750000 0.000000 43.750000
0.000000 43.750000 43.750000 43.750000 43.750000 0.000000 0.000000 0.000000
21.875000 43.750000 43.750000 43.750000 43.750000 21.875000 21.875000 21.875000
0.000000 43.750000 21.875000 43.750000 21.875000 21.875000 0.000000 21.875000
0.000000 21.875000 21.875000 21.875000 21.875000 0.000000 0.000000 0.000000
10.937500 21.875000 21.875000 21.875000 21.875000 10.937500 10.937500 10.937500
0.000000 21.875000 10.937500 21.875000 10.937500 10.937500 0.000000 10.937500
0.000000 10.937500 10.937500 10.937500 10.937500 0.000000 0.000000 0.000000
5.468750 10.937500 10.937500 10.937500 10.937500 5.468750 5.468750 5.468750
0.000000 10.937500 5.468750 10.937500 5.468750 5.468750 0.000000 5.468750
0.000000 5.468750 5.468750 5.468750 5.468750 0.000000 0.000000 0.000000
2.734375 5.468750 5.468750 5.468750 5.468750 2.734375 2.734375 2.734375
0.000000 5.468750 2.734375 5.468750 2.734375 2.734375 0.000000 2.734375
0.000000 2.734375 2.734375 2.734375 2.734375 0.000000 0.000000 0.000000
1.367188 2.734375 2.734375 2.734375 2.734375 1.367188 1.367188 1.367188
0.000000 2.734375 1.367188 2.734375 1.367188 1.367188 0.000000 1.367188
0.000000 1.367188 1.367188 1.367188 1.367188 0.000000 0.000000 0.000000
0.683594 1.367188 1.367188 1.367188 1.367188 0.683594 0.683594 0.683594
0.000000 1.367188 0.683594 1.367188 0.683594 0.683594 0.000000 0.683594
0.000000 0.683594 0.683594 0.683594 0.683594 0.000000 0.000000 0.000000
0.341797 0.683594 0.683594 0.683594 0.683594 0.341797 0.341797 0.341797
0.000000 0.683594 0.341797 0.683594 0.341797 0.341797 0.000000 0.341797
0.000000 0.341797 0.341797 0.341797 0.341797 0.000000 0.000000 0.000000
0.170898 0.341797 0.341797 0.341797 0.341797 0.170898 0.170898 0.170898
0.000000 0.341797 0.170898 0.341797 0.170898 0.170898 0.000000 0.170898
0.000000 0.170898 0.170898 0.170898 0.170898 0.000000 0.000000 0.000000
0.085449 0.170898 0.170898 0.170898 0.170898 0.085449 0.085449 0.085449
0.000000 0.170898 0.085449 0.170898 0.085449 0.085449 0.000000 0.085449
0.000000 0.085449 0.085449 0.085449 0.085449 0.000000 0.000000 0.000000
0.042725 0.085449 0.085449 0.085449 0.085449 0.042725 0.042725 0.042725
0.000000 0.085449 0.042725 0.085449 0.042725 0.042725 0.000000 0.042725
0.000000 0.042725 0.042725 0.042725 0.042725 0.000000 0.000000 0.000000
0.021362 0.042725 0.042725 0.042725 0.042725 0.021362 0.021362 0.021362
0.000000 0.042725 0.021362 0.042725 0.021362 0.021362 0.000000 0.021362
0.000000 0.021362 0.021362 0.021362 0.021362 0.000000 0.000000 0.000000
0.010681 0.021362 0.021362 0.021362 0.021362 0.010681 0.010681 0.010681
0.000000 0.021362 0.010681 0.021362 0.010681 0.010681 0.000000 0.010681
0.000000 0.010681 0.010681 0.010681 0.010681 0.000000 0.000000 0.000000
0.005341 0.010681 0.010681 0.010681 0.010681 0.005341 0.005341 0.005341
0.000000 0.010681 0.005341 0.010681 0.005341 0.005341 0.000000 0.005341
0.000000 0.005341 0.005341 0.005341 0.005341 0.000000 0.000000 0.000000
0.002670 0.005341 0.005341 0.005341 0.005341 0.002670 0.002670 0.002670
0.000000 0.005341 0.002670 0.005341 0.002670 0.002670 0.000000 0.002670
0.000000 0.002670 0.002670 0.002670 0.002670 0.000000 0.000000 0.000000
0.001335 0.002670 0.002670 0.002670 0.002670 0.001335 0.001335 0.001335
0.000000 0.002670 0.001335 0.002670 0.001335 0.001335 0.000000 0.001335
0.000000 0.001335 0.001335 0.001335 0.001335 0.000000 0.000000 0.000000
0.000668 0.001335 0.001335 0.001335 0.001335 0.000668 0.000668 0.000668
0.000000 0.001335 0.000668 0.001335 0.000668 0.000668 0.000000 0.000668
0.000000 0.000668 0.000668 0.000668 0.000668 0.000000 0.000000 0.000000
0.000334 0.000668 0.000668 0.000668 0.000668 0.000334 0.000334 0.000334
0.000000 0.000668 0.000334 0.000668 0.000334 0.000334 0.000000 0.000334
0.000000 0.000334 0.000334 0.000334 0.000334 0.000000 0.000000 0.000000
0.000167 0.000334 0.000334 0.000334 0.000334 0.000167 0.000167 0.000167
0.000000 0.000334 0.000167 0.000334 0.000167 0.000167 0.000000 0.000167
0.000000 0.000167 0.000167 0.000167 0.000167 0.000000 0.000000 0.000000
0.000083 0.000167 0.000167 0.000167 0.000167 0.000083 0.000083 0.000083
0.000000 0.000167 0.000083 0.000167 0.000083 0.000083 0.000000 0.000083
0.000000 0.000083 0.000083 0.000083 0.000083 0.000000 0.000000 0.000000
0.000083 0.000083 0.000167 0.000083 0.000167 0.000000 0.000083 0.000000
0.000167 0.000167 0.000334 0.000167 0.000334 0.000000 0.000167 0.000000
0.000334 0.000334 0.000668 0.000334 0.000668 0.000000 0.000334 0.000000
0.000668 0.000668 0.001335 0.000668 0.001335 0.000000 0.000668 0.000000
0.001335 0.001335 0.002670 0.001335 0.002670 0.000000 0.001335 0.000000
0.002670 0.002670 0.005341 0.002670 0.005341 0.000000 0.002670 0.000000
0.005341 0.005341 0.010681 0.005341 0.010681 0.000000 0.005341 0.000000
0.010681 0.010681 0.021362 0.010681 0.021362 0.000000 0.010681 0.000000
0.021362 0.021362 0.042725 0.021362 0.042725 0.000000 0.021362 0.000000
0.042725 0.042725 0.085449 0.042725 0.085449 0.000000 0.042725 0.000000
0.085449 0.085449 0.170898 0.085449 0.170898 0.000000 0.085449 0.000000
0.170898 0.170898 0.341797 0.170898 0.341797 0.000000 0.170898 0.000000
0.341797 0.341797 0.683594 0.341797 0.683594 0.000000 0.341797 0.000000
0.683594 0.683594 1.367188 0.683594 1.367188 0.000000 0.683594 0.000000
1.367188 1.367188 2.734375 1.367188 2.734375 0.000000 1.367188 0.000000
2.734375 2.734375 5.468750 2.734375 5.468750 0.000000 2.734375 0.000000
5.468750 5.468750 10.937500 5.468750 10.937500 0.000000 5.468750 0.000000
10.937500 10.937500 21.875000 10.937500 21.875000 0.000000 10.937500 0.000000
21.875000 21.875000 43.750000 21.875000 43.750000 0.000000 21.875000 0.000000
43.750000 43.750000 87.500000 43.750000 87.500000 0.000000 43.750000 0.000000
87.500000 87.500000 175.000000 87.500000 175.000000 0.000000 87.500000 0.000000
175.000000 175.000000 350.000000 175.000000 350.000000 0.000000 175.000000 0.000000
350.000000 350.000000 700.000000 350.000000 700.000000 0.000000 350.000000 0.000000
525.000000 350.000000 700.000000 350.000000 700.000000 175.000000 525.000000 175.000000
350.000000 350.000000 525.000000 350.000000 525.000000 175.000000 350.000000 175.000000
350.000000 175.000000 525.000000 175.000000 525.000000 0.000000 350.000000 0.000000
437.500000 175.000000 525.000000 175.000000 525.000000 87.500000 437.500000 87.500000
350.000000 175.000000 437.500000 175.000000 437.500000 87.500000 350.000000 87.500000
350.000000 87.500000 437.500000 87.500000 437.500000 0.000000 350.000000 0.000000
437.500000 87.500000 525.000000 87.500000 525.000000 0.000000 437.500000 0.000000
525.000000 175.000000 700.000000 175.000000 700.000000 0.000000 525.000000 0.000000
-700.000000 700.000000 0.000000 700.000000 0.000000 0.000000 -700.000000 0.000000
-350.000000 700.000000 0.000000 700.000000 0.000000 350.000000 -350.000000 350.000000
-175.000000 700.000000 0.000000 700.000000 0.000000 525.000000 -175.000000 525.000000
-350.000000 700.000000 -175.000000 700.000000 -175.000000 525.000000 -350.000000 525.000000
-350.000000 525.000000 -175.000000 525.000000 -175.000000 350.000000 -350.000000 350.000000
-175.000000 525.000000 0.000000 525.000000 0.000000 350.000000 -175.000000 350.000000
-87.500000 525.000000 0.000000 525.000000 0.000000 437.500000 -87.500000 437.500000
-175.000000 525.000000 -87.500000 525.000000 -87.500000 437.500000 -175.000000 437.500000
-175.000000 437.500000 -87.500000 437.500000 -87.500000 350.000000 -175.000000 350.000000
-87.500000 437.500000 0.000000 437.500000 0.000000 350.000000 -87.500000 350.000000
-700.000000 700.000000 -350.000000 700.000000 -350.000000 350.000000 -700.000000 350.000000
-700.000000 350.000000 -350.000000 350.000000 -350.000000 0.000000 -700.000000 0.000000
-525.000000 350.000000 -350.000000 350.000000 -350.000000 175.000000 -525.000000 175.000000
-700.000000 350.000000 -525.000000 350.000000 -525.000000 175.000000 -700.000000 175.000000
-700.000000 175.000000 -525.000000 175.000000 -525.000000 0.000000 -700.000000 0.000000
-612.500000 175.000000 -525.000000 175.000000 -525.000000 87.500000 -612.500000 87.500000
-700.000000 175.000000 -612.500000 175.000000 -612.500000 87.500000 -700.000000 87.500000
-700.000000 87.500000 -612.500000 87.500000 -612.500000 0.000000 -700.000000 0.000000
-656.250000 87.500000 -612.500000 87.500000 -612.500000 43.750000 -656.250000 43.750000
-700.000000 87.500000 -656.250000 87.500000 -656.250000 43.750000 -700.000000 43.750000
-700.000000 43.750000 -656.250000 43.750000 -656.250000 0.000000 -700.000000 0.000000
-656.250000 43.750000 -612.500000 43.750000 -612.500000 0.000000 -656.250000 0.000000
-612.500000 87.500000 -525.000000 87.500000 -525.000000 0.000000 -612.500000 0.000000
-525.000000 175.000000 -350.000000 175.000000 -350.000000 0.000000 -525.000000 0.000000
-350.000000 350.000000 0.000000 350.000000 0.000000 0.000000 -350.000000 0.000000
-175.000000 350.000000 0.000000 350.000000 0.000000 175.000000 -175.000000 175.000000
-350.000000 350.000000 -175.000000 350.000000 -175.000000 175.000000 -350.000000 175.000000
-350.000000 175.000000 -175.000000 175.000000 -175.000000 0.000000 -350.000000 0.000000
-262.500000 175.000000 -175.000000 175.000000 -175.000000 87.500000 -262.500000 87.500000
-350.000000 175.000000 -262.500000 175.000000 -262.500000 87.500000 -350.000000 87.500000
-350.000000 87.500000 -262.500000 87.500000 -262.500000 0.000000 -350.000000 0.000000
-262.500000 87.500000 -175.000000 87.500000 -175.000000 0.000000 -262.500000 0.000000
-175.000000 175.000000 0.000000 175.000000 0.000000 0.000000 -175.000000 0.000000
-87.500000 175.000000 0.000000 175.000000 0.000000 87.500000 -87.500000 87.500000
-175.000000 175.000000 -87.500000 175.000000 -87.500000 87.500000 -175.000000 87.500000
-131.250000 175.000000 -87.500000 175.000000 -87.500000 131.250000 -131.250000 131.250000
-175.000000 175.000000 -131.250000 175.000000 -131.250000 131.250000 -175.000000 131.250000
-175.000000 131.250000 -131.250000 131.250000 -131.250000 87.500000 -175.000000 87.500000
-131.250000 131.250000 -87.500000 131.250000 -87.500000 87.500000 -131.250000 87.500000
-109.375000 131.250000 -87.500000 131.250000 -87.500000 109.375000 -109.375000 109.375000
-131.250000 131.250000 -109.375000 131.250000 -109.375000 109.375000 -131.250000 109.375000
-131.250000 109.375000 -109.375000 109.375000 -109.375000 87.500000 -131.250000 87.500000
-109.375000 109.375000 -87.500000 109.375000 -87.500000 87.500000 -109.375000 87.500000
-175.000000 87.500000 -87.500000 87.500000 -87.500000 0.000000 -175.000000 0.000000
-87.500000 87.500000 0.000000 87.500000 0.000000 0.000000 -87.500000 0.000000
-43.750000 87.500000 0.000000 87.500000 0.000000 43.750000 -43.750000 43.750000
-87.500000 87.500000 -43.750000 87.500000 -43.750000 43.750000 -87.500000 43.750000
-87.500000 43.750000 -43.750000 43.750000 -43.750000 0.000000 -87.500000 0.000000
-43.750000 43.750000 0.000000 43.750000 0.000000 0.000000 -43.750000 0.000000
-21.875000 43.750000 0.000000 43.750000 0.000000 21.875000 -21.875000 21.875000
-43.750000 43.750000 -21.875000 43.750000 -21.875000 21.875000 -43.750000 21.875000
-43.750000 21.875000 -21.875000 21.875000 -21.875000 0.000000 -43.750000 0.000000
-21.875000 21.875000 0.000000 21.875000 0.000000 0.000000 -21.875000 0.000000
-10.937500 21.875000 0.000000 21.875000 0.000000 10.937500 -10.937500 10.937500
-21.875000 21.875000 -10.937500 21.875000 -10.937500 10.937500 -21.875000 10.937500
-21.875000 10.937500 -10.937500 10.937500 -10.937500 0.000000 -21.875000 0.000000
-10.937500 10.937500 0.000000 10.937500 0.000000 0.000000 -10.937500 0.000000
-5.468750 10.937500 0.000000 10.937500 0.000000 5.468750 -5.468750 5.468750
-10.937500 10.937500 -5.468750 10.937500 -5.468750 5.468750 -10.937500 5.468750
-10.937500 5.468750 -5.468750 5.468750 -5.468750 0.000000 -10.937500 0.000000
-5.468750 5.468750 0.000000 5.468750 0.000000 0.000000 -5.468750 0.000000
-2.734375 5.468750 0.000000 5.468750 0.000000 2.734375 -2.734375 2.734375
-5.468750 5.468750 -2.734375 5.468750 -2.734375 2.734375 -5.468750 2.734375
-5.468750 2.734375 -2.734375 2.734375 -2.734375 0.000000 -5.468750 0.000000
-2.734375 2.734375 0.000000 2.734375 0.000000 0.000000 -2.734375 0.000000
-1.367188 2.734375 0.000000 2.734375 0.000000 1.367188 -1.367188 1.367188
-2.734375 2.734375 -1.367188 2.734375 -1.367188 1.367188 -2.734375 1.367188
-2.734375 1.367188 -1.367188 1.367188 -1.367188 0.000000 -2.734375 0.000000
-1.367188 1.367188 0.000000 1.367188 0.000000 0.000000 -1.367188 0.000000
-0.683594 1.367188 0.000000 1.367188 0.000000 0.683594 -0.683594 0.683594
-1.367188 1.367188 -0.683594 1.367188 -0.683594 0.683594 -1.367188 0.683594
-1.367188 0.683594 -0.683594 0.683594 -0.683594 0.000000 -1.367188 0.000000
-0.683594 0.683594 0.000000 0.683594 0.000000 0.000000 -0.683594 0.000000
-0.341797 0.683594 0.000000 0.683594 0.000000 0.341797 -0.341797 0.341797
-0.683594 0.683594 -0.341797 0.683594 -0.341797 0.341797 -0.683594 0.341797
-0.683594 0.341797 -0.341797 0.341797 -0.341797 0.000000 -0.683594 0.000000
-0.341797 0.341797 0.000000 0.341797 0.000000 0.000000 -0.341797 0.000000
-0.170898 0.341797 0.000000 0.341797 0.000000 0.170898 -0.170898 0.170898
-0.341797 0.341797 -0.170898 0.341797 -0.170898 0.170898 -0.341797 0.170898
-0.341797 0.170898 -0.170898 0.170898 -0.170898 0.000000 -0.341797 0.000000
-0.170898 0.170898 0.000000 0.170898 0.000000 0.000000 -0.170898 0.000000
-0.085449 0.170898 0.000000 0.170898 0.000000 0.085449 -0.085449 0.085449
-0.170898 0.170898 -0.085449 0.170898 -0.085449 0.085449 -0.170898 0.085449
-0.170898 0.085449 -0.085449 0.085449 -0.085449 0.000000 -0.170898 0.000000
-0.085449 0.085449 0.000000 0.085449 0.000000 0.000000 -0.085449 0.000000
-0.042725 0.085449 0.000000 0.085449 0.000000 0.042725 -0.042725 0.042725
-0.085449 0.085449 -0.042725 0.085449 -0.042725 0.042725 -0.085449 0.042725
-0.085449 0.042725 -0.042725 0.042725 -0.042725 0.000000 -0.085449 0.000000
-0.042725 0.042725 0.000000 0.042725 0.000000 0.000000 -0.042725 0.000000
-0.021362 0.042725 0.000000 0.042725 0.000000 0.021362 -0.021362 0.021362
-0.042725 0.042725 -0.021362 0.042725 -0.021362 0.021362 -0.042725 0.021362
-0.042725 0.021362 -0.021362 0.021362 -0.021362 0.000000 -0.042725 0.000000
-0.021362 0.021362 0.000000 0.021362 0.000000 0.000000 -0.021362 0.000000
-0.010681 0.021362 0.000000 0.021362 0.000000 0.010681 -0.010681 0.010681
-0.021362 0.021362 -0.010681 0.021362 -0.010681 0.010681 -0.021362 0.010681
-0.021362 0.010681 -0.010681 0.010681 -0.010681 0.000000 -0.021362 0.000000
-0.010681 0.010681 0.000000 0.010681 0.000000 0.000000 -0.010681 0.000000
-0.005341 0.010681 0.000000 0.010681 0.000000 0.005341 -0.005341 0.005341
-0.010681 0.010681 -0.005341 0.010681 -0.005341 0.005341 -0.010681 0.005341
-0.010681 0.005341 -0.005341 0.005341 -0.005341 0.000000 -0.010681 0.000000
-0.005341 0.005341 0.000000 0.005341 0.000000 0.000000 -0.005341 0.000000
-0.002670 0.005341 0.000000 0.005341 0.000000 0.002670 -0.002670 0.002670
-0.005341 0.005341 -0.002670 0.005341 -0.002670 0.002670 -0.005341 0.002670
-0.005341 0.002670 -0.002670 0.002670 -0.002670 0.000000 -0.005341 0.000000
-0.002670 0.002670 0.000000 0.002670 0.000000 0.000000 -0.002670 0.000000
-0.001335 0.002670 0.000000 0.002670 0.000000 0.001335 -0.001335 0.001335
-0.002670 0.002670 -0.001335 0.002670 -0.001335 0.001335 -0.002670 0.001335
-0.002670 0.001335 -0.001335 0.001335 -0.001335 0.000000 -0.002670 0.000000
-0.001335 0.001335 0.000000 0.001335 0.000000 0.000000 -0.001335 0.000000
-0.000668 0.001335 0.000000 0.001335 0.000000 0.000668 -0.000668 0.000668
-0.001335 0.001335 -0.000668 0.001335 -0.000668 0.000668 -0.001335 0.000668
-0.001335 0.000668 -0.000668 0.000668 -0.000668 0.000000 -0.001335 0.000000
-0.000668 0.000668 0.000000 0.000668 0.000000 0.000000 -0.000668 0.000000
-0.000334 0.000668 0.000000 0.000668 0.000000 0.000334 -0.000334 0.000334
-0.000668 0.000668 -0.000334 0.000668 -0.000334 0.000334 -0.000668 0.000334
-0.000668 0.000334 -0.000334 0.000334 -0.000334 0.000000 -0.000668 0.000000
-0.000334 0.000334 0.000000 0.000334 0.000000 0.000000 -0.000334 0.000000
-0.000167 0.000334 0.000000 0.000334 0.000000 0.000167 -0.000167 0.000167
-0.000334 0.000334 -0.000167 0.000334 -0.000167 0.000167 -0.000334 0.000167
-0.000334 0.000167 -0.000167 0.000167 -0.000167 0.000000 -0.000334 0.000000
-0.000167 0.000167 0.000000 0.000167 0.000000 0.000000 -0.000167 0.000000
-0.000083 0.000167 0.000000 0.000167 0.000000 0.000083 -0.000083 0.000083
-0.000167 0.000167 -0.000083 0.000167 -0.000083 0.000083 -0.000167 0.000083
-0.000167 0.000083 -0.000083 0.000083 -0.000083 0.000000 -0.000167 0.000000
-0.000083 0.000083 0.000000 0.000083 0.000000 0.000000 -0.000083 0.000000
-700.000000 0.000000 0.000000 0.000000 0.000000 -700.000000 -700.000000 -700.000000
-350.000000 0.000000 0.000000 0.000000 0.000000 -350.000000 -350.000000 -350.000000
-175.000000 0.000000 0.000000 0.000000 0.000000 -175.000000 -175.000000 -175.000000
-87.500000 0.000000 0.000000 0.000000 0.000000 -87.500000 -87.500000 -87.500000
-43.750000 0.000000 0.000000 0.000000 0.000000 -43.750000 -43.750000 -43.750000
-21.875000 0.000000 0.000000 0.000000 0.000000 -21.875000 -21.875000 -21.875000
-10.937500 0.000000 0.000000 0.000000 0.000000 -10.937500 -10.937500 -10.937500
-5.468750 0.000000 0.000000 0.000000 0.000000 -5.468750 -5.468750 -5.468750
-2.734375 0.000000 0.000000 0.000000 0.000000 -2.734375 -2.734375 -2.734375
-1.367188 0.000000 0.000000 0.000000 0.000000 -1.367188 -1.367188 -1.367188
-0.683594 0.000000 0.000000 0.000000 0.000000 -0.683594 -0.683594 -0.683594
-0.341797 0.000000 0.000000 0.000000 0.000000 -0.341797 -0.341797 -0.341797
-0.170898 0.000000 0.000000 0.000000 0.000000 -0.170898 -0.170898 -0.170898
-0.085449 0.000000 0.000000 0.000000 0.000000 -0.085449 -0.085449 -0.085449
-0.042725 0.000000 0.000000 0.000000 0.000000 -0.042725 -0.042725 -0.042725
-0.021362 0.000000 0.000000 0.000000 0.000000 -0.021362 -0.021362 -0.021362
-0.010681 0.000000 0.000000 0.000000 0.000000 -0.010681 -0.010681 -0.010681
-0.005341 0.000000 0.000000 0.000000 0.000000 -0.005341 -0.005341 -0.005341
-0.002670 0.000000 0.000000 0.000000 0.000000 -0.002670 -0.002670 -0.002670
-0.001335 0.000000 0.000000 0.000000 0.000000 -0.001335 -0.001335 -0.001335
-0.000668 0.000000 0.000000 0.000000 0.000000 -0.000668 -0.000668 -0.000668
-0.000334 0.000000 0.000000 0.000000 0.000000 -0.000334 -0.000334 -0.000334
-0.000167 0.000000 0.000000 0.000000 0.000000 -0.000167 -0.000167 -0.000167
-0.000083 0.000000 0.000000 0.000000 0.000000 -0.000083 -0.000083 -0.000083
-0.000167 0.000000 -0.000083 0.000000 -0.000083 -0.000083 -0.000167 -0.000083
-0.000167 -0.000083 -0.000083 -0.000083 -0.000083 -0.000167 -0.000167 -0.000167
-0.000083 -0.000083 0.000000 -0.000083 0.000000 -0.000167 -0.000083 -0.000167
-0.000334 0.000000 -0.000167 0.000000 -0.000167 -0.000167 -0.000334 -0.000167
-0.000334 -0.000167 -0.000167 -0.000167 -0.000167 -0.000334 -0.000334 -0.000334
-0.000167 -0.000167 0.000000 -0.000167 0.000000 -0.000334 -0.000167 -0.000334
-0.000668 0.000000 -0.000334 0.000000 -0.000334 -0.000334 -0.000668 -0.000334
-0.000668 -0.000334 -0.000334 -0.000334 -0.000334 -0.000668 -0.000668 -0.000668
-0.000334 -0.000334 0.000000 -0.000334 0.000000 -0.000668 -0.000334 -0.000668
-0.001335 0.000000 -0.000668 0.000000 -0.000668 -0.000668 -0.001335 -0.000668
-0.001335 -0.000668 -0.000668 -0.000668 -0.000668 -0.001335 -0.001335 -0.001335
-0.000668 -0.000668 0.000000 -0.000668 0.000000 -0.001335 -0.000668 -0.001335
-0.002670 0.000000 -0.001335 0.000000 -0.001335 -0.001335 -0.002670 -0.001335
-0.002670 -0.001335 -0.001335 -0.001335 -0.001335 -0.002670 -0.002670 -0.002670
-0.001335 -0.001335 0.000000 -0.001335 0.000000 -0.002670 -0.001335 -0.002670
-0.005341 0.000000 -0.002670 0.000000 -0.002670 -0.002670 -0.005341 -0.002670
-0.005341 -0.002670 -0.002670 -0.002670 -0.002670 -0.005341 -0.005341 -0.005341
-0.002670 -0.002670 0.000000 -0.002670 0.000000 -0.005341 -0.002670 -0.005341
-0.010681 0.000000 -0.005341 0.000000 -0.005341 -0.005341 -0.010681 -0.005341
-0.010681 -0.005341 -0.005341 -0.005341 -0.005341 -0.010681 -0.010681 -0.010681
-0.005341 -0.005341 0.000000 -0.005341 0.000000 -0.010681 -0.005341 -0.010681
-0.021362 0.000000 -0.010681 0.000000 -0.010681 -0.010681 -0.021362 -0.010681
-0.021362 -0.010681 -0.010681 -0.010681 -0.010681 -0.021362 -0.021362 -0.021362
-0.010681 -0.010681 0.000000 -0.010681 0.000000 -0.021362 -0.010681 -0.021362
-0.042725 0.000000 -0.021362 0.000000 -0.021362 -0.021362 -0.042725 -0.021362
-0.042725 -0.021362 -0.021362 -0.021362 -0.021362 -0.042725 -0.042725 -0.042725
-0.021362 -0.021362 0.000000 -0.021362 0.000000 -0.042725 -0.021362 -0.042725
-0.085449 0.000000 -0.042725 0.000000 -0.042725 -0.042725 -0.085449 -0.042725
-0.085449 -0.042725 -0.042725 -0.042725 -0.042725 -0.085449 -0.085449 -0.085449
-0.042725 -0.042725 0.000000 -0.042725 0.000000 -0.085449 -0.042725 -0.085449
-0.170898 0.000000 -0.085449 0.000000 -0.085449 -0.085449 -0.170898 -0.085449
-0.170898 -0.085449 -0.085449 -0.085449 -0.085449 -0.170898 -0.170898 -0.170898
-0.085449 -0.085449 0.000000 -0.085449 0.000000 -0.170898 -0.085449 -0.170898
-0.341797 0.000000 -0.170898 0.000000 -0.170898 -0.170898 -0.341797 -0.170898
-0.341797 -0.170898 -0.170898 -0.170898 -0.170898 -0.341797 -0.341797 -0.341797
-0.170898 -0.170898 0.000000 -0.170898 0.000000 -0.341797 -0.170898 -0.341797
-0.683594 0.000000 -0.341797 0.000000 -0.341797 -0.341797 -0.683594 -0.341797
-0.683594 -0.341797 -0.341797 -0.341797 -0.341797 -0.683594 -0.683594 -0.683594
-0.341797 -0.341797 0.000000 -0.341797 0.000000 -0.683594 -0.341797 -0.683594
-1.367188 0.000000 -0.683594 0.000000 -0.683594 -0.683594 -1.367188 -0.683594
-1.367188 -0.683594 -0.683594 -0.683594 -0.683594 -1.367188 -1.367188 -1.367188
-0.683594 -0.683594 0.000000 -0.683594 0.000000 -1.367188 -0.683594 -1.367188
-2.734375 0.000000 -1.367188 0.000000 -1.367188 -1.367188 -2.734375 -1.367188
-2.734375 -1.367188 -1.367188 -1.367188 -1.367188 -2.734375 -2.734375 -2.734375
-1.367188 -1.367188 0.000000 -1.367188 0.000000 -2.734375 -1.367188 -2.734375
-5.468750 0.000000 -2.734375 0.000000 -2.734375 -2.734375 -5.468750 -2.734375
-5.468750 -2.734375 -2.734375 -2.734375 -2.734375 -5.468750 -5.468750 -5.468750
-2.734375 -2.734375 0.000000 -2.734375 0.000000 -5.468750 -2.734375 -5.468750
-10.937500 0.000000 -5.468750 0.000000 -5.468750 -5.468750 -10.937500 -5.468750
-10.937500 -5.468750 -5.468750 -5.468750 -5.468750 -10.937500 -10.937500 -10.937500
-5.468750 -5.468750 0.000000 -5.468750 0.000000 -10.937500 -5.468750 -10.937500
-21.875000 0.000000 -10.937500 0.000000 -10.937500 -10.937500 -21.875000 -10.937500
-21.875000 -10.937500 -10.937500 -10.937500 -10.937500 -21.875000 -21.875000 -21.875000
-10.937500 -10.937500 0.000000 -10.937500 0.000000 -21.875000 -10.937500 -21.875000
-43.750000 0.000000 -21.875000 0.000000 -21.875000 -21.875000 -43.750000 -21.875000
-43.750000 -21.875000 -21.875000 -21.875000 -21.875000 -43.750000 -43.750000 -43.750000
-21.875000 -21.875000 0.000000 -21.875000 0.000000 -43.750000 -21.875000 -43.750000
-87.500000 0.000000 -43.750000 0.000000 -43.750000 -43.750000 -87.500000 -43.750000
-87.500000 -43.750000 -43.750000 -43.750000 -43.750000 -87.500000 -87.500000 -87.500000
-43.750000 -43.750000 0.000000 -43.750000 0.000000 -87.500000 -43.750000 -87.500000
-175.000000 0.000000 -87.500000 0.000000 -87.500000 -87.500000 -175.000000 -87.500000
-175.000000 -87.500000 -87.500000 -87.500000 -87.500000 -175.000000 -175.000000 -175.000000
-131.250000 -87.500000 -87.500000 -87.500000 -87.500000 -131.250000 -131.250000 -131.250000
-109.375000 -87.500000 -87.500000 -87.500000 -87.500000 -109.375000 -109.375000 -109.375000
-131.250000 -87.500000 -109.375000 -87.500000 -109.375000 -109.375000 -131.250000 -109.375000
-131.250000 -109.375000 -109.375000 -109.375000 -109.375000 -131.250000 -131.250000 -131.250000
-109.375000 -109.375000 -87.500000 -109.375000 -87.500000 -131.250000 -109.375000 -131.250000
-175.000000 -87.500000 -131.250000 -87.500000 -131.250000 -131.250000 -175.000000 -131.250000
-175.000000 -131.250000 -131.250000 -131.250000 -131.250000 -175.000000 -175.000000 -175.000000
-131.250000 -131.250000 -87.500000 -131.250000 -87.500000 -175.000000 -131.250000 -175.000000
-87.500000 -87.500000 0.000000 -87.500000 0.000000 -175.000000 -87.500000 -175.000000
-350.000000 0.000000 -175.000000 0.000000 -175.000000 -175.000000 -350.000000 -175.000000
-350.000000 -175.000000 -175.000000 -175.000000 -175.000000 -350.000000 -350.000000 -350.000000
-175.000000 -175.000000 0.000000 -175.000000 0.000000 -350.000000 -175.000000 -350.000000
-700.000000 0.000000 -350.000000 0.000000 -350.000000 -350.000000 -700.000000 -350.000000
-525.000000 0.000000 -350.000000 0.000000 -350.000000 -175.000000 -525.000000 -175.000000
-437.500000 0.000000 -350.000000 0.000000 -350.000000 -87.500000 -437.500000 -87.500000
-525.000000 0.000000 -437.500000 0.000000 -437.500000 -87.500000 -525.000000 -87.500000
-525.000000 -87.500000 -437.500000 -87.500000 -437.500000 -175.000000 -525.000000 -175.000000
-437.500000 -87.500000 -350.000000 -87.500000 -350.000000 -175.000000 -437.500000 -175.000000
-700.000000 0.000000 -525.000000 0.000000 -525.000000 -175.000000 -700.000000 -175.000000
-700.000000 -175.000000 -525.000000 -175.000000 -525.000000 -350.000000 -700.000000 -350.000000
-525.000000 -175.000000 -350.000000 -175.000000 -350.000000 -350.000000 -525.000000 -350.000000
-700.000000 -350.000000 -350.000000 -350.000000 -350.000000 -700.000000 -700.000000 -700.000000
-350.000000 -350.000000 0.000000 -350.000000 0.000000 -700.000000 -350.000000 -700.000000
-175.000000 -350.000000 0.000000 -350.000000 0.000000 -525.000000 -175.000000 -525.000000
-350.000000 -350.000000 -175.000000 -350.000000 -175.000000 -525.000000 -350.000000 -525.000000
-350.000000 -525.000000 -175.000000 -525.000000 -175.000000 -700.000000 -350.000000 -700.000000
-175.000000 -525.000000 0.000000 -525.000000 0.000000 -700.000000 -175.000000 -700.000000
-87.500000 -525.000000 0.000000 -525.000000 0.000000 -612.500000 -87.500000 -612.500000
-175.000000 -525.000000 -87.500000 -525.000000 -87.500000 -612.500000 -175.000000 -612.500000
-175.000000 -612.500000 -87.500000 -612.500000 -87.500000 -700.000000 -175.000000 -700.000000
-87.500000 -612.500000 0.000000 -612.500000 0.000000 -700.000000 -87.500000 -700.000000
-43.750000 -612.500000 0.000000 -612.500000 0.000000 -656.250000 -43.750000 -656.250000
-87.500000 -612.500000 -43.750000 -612.500000 -43.750000 -656.250000 -87.500000 -656.250000
-87.500000 -656.250000 -43.750000 -656.250000 -43.750000 -700.000000 -87.500000 -700.000000
-43.750000 -656.250000 0.000000 -656.250000 0.000000 -700.000000 -43.750000 -700.000000
0.000000 0.000000 700.000000 0.000000 700.000000 -700.000000 0.000000 -700.000000
350.000000 0.000000 700.000000 0.000000 700.000000 -350.000000 350.000000 -350.000000
525.000000 0.000000 700.000000 0.000000 700.000000 -175.000000 525.000000 -175.000000
350.000000 0.000000 525.000000 0.000000 525.000000 -175.000000 350.000000 -175.000000
350.000000 -175.000000 525.000000 -175.000000 525.000000 -350.000000 350.000000 -350.000000
525.000000 -175.000000 700.000000 -175.000000 700.000000 -350.000000 525.000000 -350.000000
0.000000 0.000000 350.000000 0.000000 350.000000 -350.000000 0.000000 -350.000000
175.000000 0.000000 350.000000 0.000000 350.000000 -175.000000 175.000000 -175.000000
0.000000 0.000000 175.000000 0.000000 175.000000 -175.000000 0.000000 -175.000000
87.500000 0.000000 175.000000 0.000000 175.000000 -87.500000 87.500000 -87.500000
0.000000 0.000000 87.500000 0.000000 87.500000 -87.500000 0.000000 -87.500000
43.750000 0.000000 87.500000 0.000000 87.500000 -43.750000 43.750000 -43.750000
0.000000 0.000000 43.750000 0.000000 43.750000 -43.750000 0.000000 -43.750000
21.875000 0.000000 43.750000 0.000000 43.750000 -21.875000 21.875000 -21.875000
0.000000 0.000000 21.875000 0.000000 21.875000 -21.875000 0.000000 -21.875000
10.937500 0.000000 21.875000 0.000000 21.875000 -10.937500 10.937500 -10.937500
0.000000 0.000000 10.937500 0.000000 10.937500 -10.937500 0.000000 -10.937500
5.468750 0.000000 10.937500 0.000000 10.937500 -5.468750 5.468750 -5.468750
0.000000 0.000000 5.468750 0.000000 5.468750 -5.468750 0.000000 -5.468750
2.734375 0.000000 5.468750 0.000000 5.468750 -2.734375 2.734375 -2.734375
0.000000 0.000000 2.734375 0.000000 2.734375 -2.734375 0.000000 -2.734375
1.367188 0.000000 2.734375 0.000000 2.734375 -1.367188 1.367188 -1.367188
0.000000 0.000000 1.367188 0.000000 1.367188 -1.367188 0.000000 -1.367188
0.683594 0.000000 1.367188 0.000000 1.367188 -0.683594 0.683594 -0.683594
0.000000 0.000000 0.683594 0.000000 0.683594 -0.683594 0.000000 -0.683594
0.341797 0.000000 0.683594 0.000000 0.683594 -0.341797 0.341797 -0.341797
0.000000 0.000000 0.341797 0.000000 0.341797 -0.341797 0.000000 -0.341797
0.170898 0.000000 0.341797 0.000000 0.341797 -0.170898 0.170898 -0.170898
0.000000 0.000000 0.170898 0.000000 0.170898 -0.170898 0.000000 -0.170898
0.085449 0.000000 0.170898 0.000000 0.170898 -0.085449 0.085449 -0.085449
0.000000 0.000000 0.085449 0.000000 0.085449 -0.085449 0.000000 -0.085449
0.042725 0.000000 0.085449 0.000000 0.085449 -0.042725 0.042725 -0.042725
0.000000 0.000000 0.042725 0.000000 0.042725 -0.042725 0.000000 -0.042725
0.021362 0.000000 0.042725 0.000000 0.042725 -0.021362 0.021362 -0.021362
0.000000 0.000000 0.021362 0.000000 0.021362 -0.021362 0.000000 -0.021362
0.010681 0.000000 0.021362 0.000000 0.021362 -0.010681 0.010681 -0.010681
0.000000 0.000000 0.010681 0.000000 0.010681 -0.010681 0.000000 -0.010681
0.005341 0.000000 0.010681 0.000000 0.010681 -0.005341 0.005341 -0.005341
0.000000 0.000000 0.005341 0.000000 0.005341 -0.005341 0.000000 -0.005341
0.002670 0.000000 0.005341 0.000000 0.005341 -0.002670 0.002670 -0.002670
0.000000 0.000000 0.002670 0.000000 0.002670 -0.002670 0.000000 -0.002670
0.001335 0.000000 0.002670 0.000000 0.002670 -0.001335 0.001335 -0.001335
0.000000 0.000000 0.001335 0.000000 0.001335 -0.001335 0.000000 -0.001335
0.000668 0.000000 0.001335 0.000000 0.001335 -0.000668 0.000668 -0.000668
0.000000 0.000000 0.000668 0.000000 0.000668 -0.000668 0.000000 -0.000668
0.000334 0.000000 0.000668 0.000000 0.000668 -0.000334 0.000334 -0.000334
0.000000 0.000000 0.000334 0.000000 0.000334 -0.000334 0.000000 -0.000334
0.000167 0.000000 0.000334 0.000000 0.000334 -0.000167 0.000167 -0.000167
0.000000 0.000000 0.000167 0.000000 0.000167 -0.000167 0.000000 -0.000167
0.000083 0.000000 0.000167 0.000000 0.000167 -0.000083 0.000083 -0.000083
0.000000 0.000000 0.000083 0.000000 0.000083 -0.000083 0.000000 -0.000083
0.000000 -0.000083 0.000083 -0.000083 0.000083 -0.000167 0.000000 -0.000167
0.000083 -0.000083 0.000167 -0.000083 0.000167 -0.000167 0.000083 -0.000167
0.000000 -0.000167 0.000167 -0.000167 0.000167 -0.000334 0.000000 -0.000334
0.000167 -0.000167 0.000334 -0.000167 0.000334 -0.000334 0.000167 -0.000334
0.000000 -0.000334 0.000334 -0.000334 0.000334 -0.000668 0.000000 -0.000668
0.000334 -0.000334 0.000668 -0.000334 0.000668 -0.000668 0.000334 -0.000668
0.000000 -0.000668 0.000668 -0.000668 0.000668 -0.001335 0.000000 -0.001335
0.000668 -0.000668 0.001335 -0.000668 0.001335 -0.001335 0.000668 -0.001335
0.000000 -0.001335 0.001335 -0.001335 0.001335 -0.002670 0.000000 -0.002670
0.001335 -0.001335 0.002670 -0.001335 0.002670 -0.002670 0.001335 -0.002670
0.000000 -0.002670 0.002670 -0.002670 0.002670 -0.005341 0.000000 -0.005341
0.002670 -0.002670 0.005341 -0.002670 0.005341 -0.005341 0.002670 -0.005341
0.000000 -0.005341 0.005341 -0.005341 0.005341 -0.010681 0.000000 -0.010681
0.005341 -0.005341 0.010681 -0.005341 0.010681 -0.010681 0.005341 -0.010681
0.000000 -0.010681 0.010681 -0.010681 0.010681 -0.021362 0.000000 -0.021362
0.010681 -0.010681 0.021362 -0.010681 0.021362 -0.021362 0.010681 -0.021362
0.000000 -0.021362 0.021362 -0.021362 0.021362 -0.042725 0.000000 -0.042725
0.021362 -0.021362 0.042725 -0.021362 0.042725 -0.042725 0.021362 -0.042725
0.000000 -0.042725 0.042725 -0.042725 0.042725 -0.085449 0.000000 -0.085449
0.042725 -0.042725 0.085449 -0.042725 0.085449 -0.085449 0.042725 -0.085449
0.000000 -0.085449 0.085449 -0.085449 0.085449 -0.170898 0.000000 -0.170898
0.085449 -0.085449 0.170898 -0.085449 0.170898 -0.170898 0.085449 -0.170898
0.000000 -0.170898 0.170898 -0.170898 0.170898 -0.341797 0.000000 -0.341797
0.170898 -0.170898 0.341797 -0.170898 0.341797 -0.341797 0.170898 -0.341797
0.000000 -0.341797 0.341797 -0.341797 0.341797 -0.683594 0.000000 -0.683594
0.341797 -0.341797 0.683594 -0.341797 0.683594 -0.683594 0.341797 -0.683594
0.000000 -0.683594 0.683594 -0.683594 0.683594 -1.367188 0.000000 -1.367188
0.683594 -0.683594 1.367188 -0.683594 1.367188 -1.367188 0.683594 -1.367188
0.000000 -1.367188 1.367188 -1.367188 1.367188 -2.734375 0.000000 -2.734375
1.367188 -1.367188 2.734375 -1.367188 2.734375 -2.734375 1.367188 -2.734375
0.000000 -2.734375 2.734375 -2.734375 2.734375 -5.468750 0.000000 -5.468750
2.734375 -2.734375 5.468750 -2.734375 5.468750 -5.468750 2.734375 -5.468750
0.000000 -5.468750 5.468750 -5.468750 5.468750 -10.937500 0.000000 -10.937500
5.468750 -5.468750 10.937500 -5.468750 10.937500 -10.937500 5.468750 -10.937500
0.000000 -10.937500 10.937500 -10.937500 10.937500 -21.875000 0.000000 -21.875000
10.937500 -10.937500 21.875000 -10.937500 21.875000 -21.875000 10.937500 -21.875000
0.000000 -21.875000 21.875000 -21.875000 21.875000 -43.750000 0.000000 -43.750000
21.875000 -21.875000 43.750000 -21.875000 43.750000 -43.750000 21.875000 -43.750000
0.000000 -43.750000 43.750000 -43.750000 43.750000 -87.500000 0.000000 -87.500000
43.750000 -43.750000 87.500000 -43.750000 87.500000 -87.500000 43.750000 -87.500000
0.000000 -87.500000 87.500000 -87.500000 87.500000 -175.000000 0.000000 -175.000000
87.500000 -87.500000 175.000000 -87.500000 175.000000 -175.000000 87.500000 -175.000000
131.250000 -87.500000 175.000000 -87.500000 175.000000 -131.250000 131.250000 -131.250000
87.500000 -87.500000 131.250000 -87.500000 131.250000 -131.250000 87.500000 -131.250000
109.375000 -87.500000 131.250000 -87.500000 131.250000 -109.375000 109.375000 -109.375000
87.500000 -87.500000 109.375000 -87.500000 109.375000 -109.375000 87.500000 -109.375000
87.500000 -109.375000 109.375000 -109.375000 109.375000 -131.250000 87.500000 -131.250000
109.375000 -109.375000 131.250000 -109.375000 131.250000 -131.250000 109.375000 -131.250000
87.500000 -131.250000 131.250000 -131.250000 131.250000 -175.000000 87.500000 -175.000000
131.250000 -131.250000 175.000000 -131.250000 175.000000 -175.000000 131.250000 -175.000000
0.000000 -175.000000 175.000000 -175.000000 175.000000 -350.000000 0.000000 -350.000000
175.000000 -175.000000 350.000000 -175.000000 350.000000 -350.000000 175.000000 -350.000000
0.000000 -350.000000 350.000000 -350.000000 350.000000 -700.000000 0.000000 -700.000000
175.000000 -350.000000 350.000000 -350.000000 350.000000 -525.000000 175.000000 -525.000000
0.000000 -350.000000 175.000000 -350.000000 175.000000 -525.000000 0.000000 -525.000000
87.500000 -350.000000 175.000000 -350.000000 175.000000 -437.500000 87.500000 -437.500000
0.000000 -350.000000 87.500000 -350.000000 87.500000 -437.500000 0.000000 -437.500000
0.000000 -437.500000 87.500000 -437.500000 87.500000 -525.000000 0.000000 -525.000000
87.500000 -437.500000 175.000000 -437.500000 175.000000 -525.000000 87.500000 -525.000000
0.000000 -525.000000 175.000000 -525.000000 175.000000 -700.000000 0.000000 -700.000000
175.000000 -525.000000 350.000000 -525.000000 350.000000 -700.000000 175.000000 -700.000000
350.000000 -350.000000 700.000000 -350.000000 700.000000 -700.000000 350.000000 -700.000000