-700.000000 700.000000 700.000000 700.000000 700.000000 -700.000000 -700.000000 -700.000000
-700.000000 0.000000 0.000000 0.000000 0.000000 -700.000000 -700.000000 -700.000000
-700.000000 -350.000000 -350.000000 -350.000000 -350.000000 -700.000000 -700.000000 -700.000000
-350.000000 -350.000000 0.000000 -350.000000 0.000000 -700.000000 -350.000000 -700.000000
-350.000000 -525.000000 -175.000000 -525.000000 -175.000000 -700.000000 -350.000000 -700.000000
-175.000000 -525.000000 0.000000 -525.000000 0.000000 -700.000000 -175.000000 -700.000000
-175.000000 -612.500000 -87.500000 -612.500000 -87.500000 -700.000000 -175.000000 -700.000000
-87.500000 -612.500000 0.000000 -612.500000 0.000000 -700.000000 -87.500000 -700.000000
-87.500000 -656.250000 -43.750000 -656.250000 -43.750000 -700.000000 -87.500000 -700.000000
-43.750000 -656.250000 0.000000 -656.250000 0.000000 -700.000000 -43.750000 -700.000000
-87.500000 -612.500000 -43.750000 -612.500000 -43.750000 -656.250000 -87.500000 -656.250000
-43.750000 -612.500000 0.000000 -612.500000 0.000000 -656.250000 -43.750000 -656.250000
-175.000000 -525.000000 -87.500000 -525.000000 -87.500000 -612.500000 -175.000000 -612.500000
-87.500000 -525.000000 0.000000 -525.000000 0.000000 -612.500000 -87.500000 -612.500000
-350.000000 -350.000000 -175.000000 -350.000000 -175.000000 -525.000000 -350.000000 -525.000000
-175.000000 -350.000000 0.000000 -350.000000 0.000000 -525.000000 -175.000000 -525.000000
-175.000000 -437.500000 -87.500000 -437.500000 -87.500000 -525.000000 -175.000000 -525.000000
-87.500000 -437.500000 0.000000 -437.500000 0.000000 -525.000000 -87.500000 -525.000000
-175.000000 -350.000000 -87.500000 -350.000000 -87.500000 -437.500000 -175.000000 -437.500000
-87.500000 -350.000000 0.000000 -350.000000 0.000000 -437.500000 -87.500000 -437.500000
-700.000000 0.000000 -350.000000 0.000000 -350.000000 -350.000000 -700.000000 -350.000000
-700.000000 -175.000000 -525.000000 -175.000000 -525.000000 -350.000000 -700.000000 -350.000000
-525.000000 -175.000000 -350.000000 -175.000000 -350.000000 -350.000000 -525.000000 -350.000000
-700.000000 0.000000 -525.000000 0.000000 -525.000000 -175.000000 -700.000000 -175.000000
-700.000000 -87.500000 -612.500000 -87.500000 -612.500000 -175.000000 -700.000000 -175.000000
-612.500000 -87.500000 -525.000000 -87.500000 -525.000000 -175.000000 -612.500000 -175.000000
-700.000000 0.000000 -612.500000 0.000000 -612.500000 -87.500000 -700.000000 -87.500000
-700.000000 -43.750000 -656.250000 -43.750000 -656.250000 -87.500000 -700.000000 -87.500000
-656.250000 -43.750000 -612.500000 -43.750000 -612.500000 -87.500000 -656.250000 -87.500000
-700.000000 0.000000 -656.250000 0.000000 -656.250000 -43.750000 -700.000000 -43.750000
-656.250000 0.000000 -612.500000 0.000000 -612.500000 -43.750000 -656.250000 -43.750000
-612.500000 0.000000 -525.000000 0.000000 -525.000000 -87.500000 -612.500000 -87.500000
-525.000000 0.000000 -350.000000 0.000000 -350.000000 -175.000000 -525.000000 -175.000000
-525.000000 -87.500000 -437.500000 -87.500000 -437.500000 -175.000000 -525.000000 -175.000000
-437.500000 -87.500000 -350.000000 -87.500000 -350.000000 -175.000000 -437.500000 -175.000000
-525.000000 0.000000 -437.500000 0.000000 -437.500000 -87.500000 -525.000000 -87.500000
-437.500000 0.000000 -350.000000 0.000000 -350.000000 -87.500000 -437.500000 -87.500000
-350.000000 0.000000 0.000000 0.000000 0.000000 -350.000000 -350.000000 -350.000000
-350.000000 -175.000000 -175.000000 -175.000000 -175.000000 -350.000000 -350.000000 -350.000000
-175.000000 -175.000000 0.000000 -175.000000 0.000000 -350.000000 -175.000000 -350.000000
-175.000000 -262.500000 -87.500000 -262.500000 -87.500000 -350.000000 -175.000000 -350.000000
-87.500000 -262.500000 0.000000 -262.500000 0.000000 -350.000000 -87.500000 -350.000000
-175.000000 -175.000000 -87.500000 -175.000000 -87.500000 -262.500000 -175.000000 -262.500000
-175.000000 -218.750000 -131.250000 -218.750000 -131.250000 -262.500000 -175.000000 -262.500000
-131.250000 -218.750000 -87.500000 -218.750000 -87.500000 -262.500000 -131.250000 -262.500000
-175.000000 -175.000000 -131.250000 -175.000000 -131.250000 -218.750000 -175.000000 -218.750000
-131.250000 -175.000000 -87.500000 -175.000000 -87.500000 -218.750000 -131.250000 -218.750000
-87.500000 -175.000000 0.000000 -175.000000 0.000000 -262.500000 -87.500000 -262.500000
-350.000000 0.000000 -175.000000 0.000000 -175.000000 -175.000000 -350.000000 -175.000000
-350.000000 -87.500000 -262.500000 -87.500000 -262.500000 -175.000000 -350.000000 -175.000000
-262.500000 -87.500000 -175.000000 -87.500000 -175.000000 -175.000000 -262.500000 -175.000000
-262.500000 -131.250000 -218.750000 -131.250000 -218.750000 -175.000000 -262.500000 -175.000000
-218.750000 -131.250000 -175.000000 -131.250000 -175.000000 -175.000000 -218.750000 -175.000000
-262.500000 -87.500000 -218.750000 -87.500000 -218.750000 -131.250000 -262.500000 -131.250000
-218.750000 -87.500000 -175.000000 -87.500000 -175.000000 -131.250000 -218.750000 -131.250000
-350.000000 0.000000 -262.500000 0.000000 -262.500000 -87.500000 -350.000000 -87.500000
-262.500000 0.000000 -175.000000 0.000000 -175.000000 -87.500000 -262.500000 -87.500000
-175.000000 0.000000 0.000000 0.000000 0.000000 -175.000000 -175.000000 -175.000000
-175.000000 -87.500000 -87.500000 -87.500000 -87.500000 -175.000000 -175.000000 -175.000000
-175.000000 -131.250000 -131.250000 -131.250000 -131.250000 -175.000000 -175.000000 -175.000000
-131.250000 -131.250000 -87.500000 -131.250000 -87.500000 -175.000000 -131.250000 -175.000000
-175.000000 -87.500000 -131.250000 -87.500000 -131.250000 -131.250000 -175.000000 -131.250000
-131.250000 -87.500000 -87.500000 -87.500000 -87.500000 -131.250000 -131.250000 -131.250000
-131.250000 -109.375000 -109.375000 -109.375000 -109.375000 -131.250000 -131.250000 -131.250000
-109.375000 -109.375000 -87.500000 -109.375000 -87.500000 -131.250000 -109.375000 -131.250000
-131.250000 -87.500000 -109.375000 -87.500000 -109.375000 -109.375000 -131.250000 -109.375000
-109.375000 -87.500000 -87.500000 -87.500000 -87.500000 -109.375000 -109.375000 -109.375000
-87.500000 -87.500000 0.000000 -87.500000 0.000000 -175.000000 -87.500000 -175.000000
-175.000000 0.000000 -87.500000 0.000000 -87.500000 -87.500000 -175.000000 -87.500000
-87.500000 0.000000 0.000000 0.000000 0.000000 -87.500000 -87.500000 -87.500000
0.000000 0.000000 700.000000 0.000000 700.000000 -700.000000 0.000000 -700.000000
0.000000 -350.000000 350.000000 -350.000000 350.000000 -700.000000 0.000000 -700.000000
0.000000 -525.000000 175.000000 -525.000000 175.000000 -700.000000 0.000000 -700.000000
0.000000 -612.500000 87.500000 -612.500000 87.500000 -700.000000 0.000000 -700.000000
0.000000 -656.250000 43.750000 -656.250000 43.750000 -700.000000 0.000000 -700.000000
43.750000 -656.250000 87.500000 -656.250000 87.500000 -700.000000 43.750000 -700.000000
0.000000 -612.500000 43.750000 -612.500000 43.750000 -656.250000 0.000000 -656.250000
43.750000 -612.500000 87.500000 -612.500000 87.500000 -656.250000 43.750000 -656.250000
87.500000 -612.500000 175.000000 -612.500000 175.000000 -700.000000 87.500000 -700.000000
0.000000 -525.000000 87.500000 -525.000000 87.500000 -612.500000 0.000000 -612.500000
87.500000 -525.000000 175.000000 -525.000000 175.000000 -612.500000 87.500000 -612.500000
175.000000 -525.000000 350.000000 -525.000000 350.000000 -700.000000 175.000000 -700.000000
0.000000 -350.000000 175.000000 -350.000000 175.000000 -525.000000 0.000000 -525.000000
0.000000 -437.500000 87.500000 -437.500000 87.500000 -525.000000 0.000000 -525.000000
87.500000 -437.500000 175.000000 -437.500000 175.000000 -525.000000 87.500000 -525.000000
0.000000 -350.000000 87.500000 -350.000000 87.500000 -437.500000 0.000000 -437.500000
87.500000 -350.000000 175.000000 -350.000000 175.000000 -437.500000 87.500000 -437.500000
175.000000 -350.000000 350.000000 -350.000000 350.000000 -525.000000 175.000000 -525.000000
350.000000 -350.000000 700.000000 -350.000000 700.000000 -700.000000 350.000000 -700.000000
0.000000 0.000000 350.000000 0.000000 350.000000 -350.000000 0.000000 -350.000000
0.000000 -175.000000 175.000000 -175.000000 175.000000 -350.000000 0.000000 -350.000000
0.000000 -262.500000 87.500000 -262.500000 87.500000 -350.000000 0.000000 -350.000000
87.500000 -262.500000 175.000000 -262.500000 175.000000 -350.000000 87.500000 -350.000000
0.000000 -175.000000 87.500000 -175.000000 87.500000 -262.500000 0.000000 -262.500000
87.500000 -175.000000 175.000000 -175.000000 175.000000 -262.500000 87.500000 -262.500000
87.500000 -218.750000 131.250000 -218.750000 131.250000 -262.500000 87.500000 -262.500000
131.250000 -218.750000 175.000000 -218.750000 175.000000 -262.500000 131.250000 -262.500000
87.500000 -175.000000 131.250000 -175.000000 131.250000 -218.750000 87.500000 -218.750000
131.250000 -175.000000 175.000000 -175.000000 175.000000 -218.750000 131.250000 -218.750000
175.000000 -175.000000 350.000000 -175.000000 350.000000 -350.000000 175.000000 -350.000000
0.000000 0.000000 175.000000 0.000000 175.000000 -175.000000 0.000000 -175.000000
0.000000 -87.500000 87.500000 -87.500000 87.500000 -175.000000 0.000000 -175.000000
87.500000 -87.500000 175.000000 -87.500000 175.000000 -175.000000 87.500000 -175.000000
87.500000 -131.250000 131.250000 -131.250000 131.250000 -175.000000 87.500000 -175.000000
131.250000 -131.250000 175.000000 -131.250000 175.000000 -175.000000 131.250000 -175.000000
87.500000 -87.500000 131.250000 -87.500000 131.250000 -131.250000 87.500000 -131.250000
87.500000 -109.375000 109.375000 -109.375000 109.375000 -131.250000 87.500000 -131.250000
109.375000 -109.375000 131.250000 -109.375000 131.250000 -131.250000 109.375000 -131.250000
87.500000 -87.500000 109.375000 -87.500000 109.375000 -109.375000 87.500000 -109.375000
109.375000 -87.500000 131.250000 -87.500000 131.250000 -109.375000 109.375000 -109.375000
131.250000 -87.500000 175.000000 -87.500000 175.000000 -131.250000 131.250000 -131.250000
0.000000 0.000000 87.500000 0.000000 87.500000 -87.500000 0.000000 -87.500000
87.500000 0.000000 175.000000 0.000000 175.000000 -87.500000 87.500000 -87.500000
175.000000 0.000000 350.000000 0.000000 350.000000 -175.000000 175.000000 -175.000000
175.000000 -87.500000 262.500000 -87.500000 262.500000 -175.000000 175.000000 -175.000000
175.000000 -131.250000 218.750000 -131.250000 218.750000 -175.000000 175.000000 -175.000000
218.750000 -131.250000 262.500000 -131.250000 262.500000 -175.000000 218.750000 -175.000000
175.000000 -87.500000 218.750000 -87.500000 218.750000 -131.250000 175.000000 -131.250000
218.750000 -87.500000 262.500000 -87.500000 262.500000 -131.250000 218.750000 -131.250000
262.500000 -87.500000 350.000000 -87.500000 350.000000 -175.000000 262.500000 -175.000000
175.000000 0.000000 262.500000 0.000000 262.500000 -87.500000 175.000000 -87.500000
262.500000 0.000000 350.000000 0.000000 350.000000 -87.500000 262.500000 -87.500000
350.000000 0.000000 700.000000 0.000000 700.000000 -350.000000 350.000000 -350.000000
350.000000 -175.000000 525.000000 -175.000000 525.000000 -350.000000 350.000000 -350.000000
525.000000 -175.000000 700.000000 -175.000000 700.000000 -350.000000 525.000000 -350.000000
350.000000 0.000000 525.000000 0.000000 525.000000 -175.000000 350.000000 -175.000000
350.000000 -87.500000 437.500000 -87.500000 437.500000 -175.000000 350.000000 -175.000000
437.500000 -87.500000 525.000000 -87.500000 525.000000 -175.000000 437.500000 -175.000000
350.000000 0.000000 437.500000 0.000000 437.500000 -87.500000 350.000000 -87.500000
437.500000 0.000000 525.000000 0.000000 525.000000 -87.500000 437.500000 -87.500000
525.000000 0.000000 700.000000 0.000000 700.000000 -175.000000 525.000000 -175.000000
525.000000 -87.500000 612.500000 -87.500000 612.500000 -175.000000 525.000000 -175.000000
612.500000 -87.500000 700.000000 -87.500000 700.000000 -175.000000 612.500000 -175.000000
525.000000 0.000000 612.500000 0.000000 612.500000 -87.500000 525.000000 -87.500000
612.500000 0.000000 700.000000 0.000000 700.000000 -87.500000 612.500000 -87.500000
612.500000 -43.750000 656.250000 -43.750000 656.250000 -87.500000 612.500000 -87.500000
656.250000 -43.750000 700.000000 -43.750000 700.000000 -87.500000 656.250000 -87.500000
612.500000 0.000000 656.250000 0.000000 656.250000 -43.750000 612.500000 -43.750000
656.250000 0.000000 700.000000 0.000000 700.000000 -43.750000 656.250000 -43.750000
-700.000000 700.000000 0.000000 700.000000 0.000000 0.000000 -700.000000 0.000000
-700.000000 350.000000 -350.000000 350.000000 -350.000000 0.000000 -700.000000 0.000000
-700.000000 175.000000 -525.000000 175.000000 -525.000000 0.000000 -700.000000 0.000000
-700.000000 87.500000 -612.500000 87.500000 -612.500000 0.000000 -700.000000 0.000000
-700.000000 43.750000 -656.250000 43.750000 -656.250000 0.000000 -700.000000 0.000000
-656.250000 43.750000 -612.500000 43.750000 -612.500000 0.000000 -656.250000 0.000000
-700.000000 87.500000 -656.250000 87.500000 -656.250000 43.750000 -700.000000 43.750000
-656.250000 87.500000 -612.500000 87.500000 -612.500000 43.750000 -656.250000 43.750000
-612.500000 87.500000 -525.000000 87.500000 -525.000000 0.000000 -612.500000 0.000000
-700.000000 175.000000 -612.500000 175.000000 -612.500000 87.500000 -700.000000 87.500000
-612.500000 175.000000 -525.000000 175.000000 -525.000000 87.500000 -612.500000 87.500000
-525.000000 175.000000 -350.000000 175.000000 -350.000000 0.000000 -525.000000 0.000000
-525.000000 87.500000 -437.500000 87.500000 -437.500000 0.000000 -525.000000 0.000000
-437.500000 87.500000 -350.000000 87.500000 -350.000000 0.000000 -437.500000 0.000000
-525.000000 175.000000 -437.500000 175.000000 -437.500000 87.500000 -525.000000 87.500000
-437.500000 175.000000 -350.000000 175.000000 -350.000000 87.500000 -437.500000 87.500000
-700.000000 350.000000 -525.000000 350.000000 -525.000000 175.000000 -700.000000 175.000000
-525.000000 350.000000 -350.000000 350.000000 -350.000000 175.000000 -525.000000 175.000000
-350.000000 350.000000 0.000000 350.000000 0.000000 0.000000 -350.000000 0.000000
-350.000000 175.000000 -175.000000 175.000000 -175.000000 0.000000 -350.000000 0.000000
-350.000000 87.500000 -262.500000 87.500000 -262.500000 0.000000 -350.000000 0.000000
-262.500000 87.500000 -175.000000 87.500000 -175.000000 0.000000 -262.500000 0.000000
-350.000000 175.000000 -262.500000 175.000000 -262.500000 87.500000 -350.000000 87.500000
-262.500000 175.000000 -175.000000 175.000000 -175.000000 87.500000 -262.500000 87.500000
-262.500000 131.250000 -218.750000 131.250000 -218.750000 87.500000 -262.500000 87.500000
-218.750000 131.250000 -175.000000 131.250000 -175.000000 87.500000 -218.750000 87.500000
-262.500000 175.000000 -218.750000 175.000000 -218.750000 131.250000 -262.500000 131.250000
-218.750000 175.000000 -175.000000 175.000000 -175.000000 131.250000 -218.750000 131.250000
-175.000000 175.000000 0.000000 175.000000 0.000000 0.000000 -175.000000 0.000000
-175.000000 87.500000 -87.500000 87.500000 -87.500000 0.000000 -175.000000 0.000000
-87.500000 87.500000 0.000000 87.500000 0.000000 0.000000 -87.500000 0.000000
-175.000000 175.000000 -87.500000 175.000000 -87.500000 87.500000 -175.000000 87.500000
-175.000000 131.250000 -131.250000 131.250000 -131.250000 87.500000 -175.000000 87.500000
-131.250000 131.250000 -87.500000 131.250000 -87.500000 87.500000 -131.250000 87.500000
-131.250000 109.375000 -109.375000 109.375000 -109.375000 87.500000 -131.250000 87.500000
-109.375000 109.375000 -87.500000 109.375000 -87.500000 87.500000 -109.375000 87.500000
-131.250000 131.250000 -109.375000 131.250000 -109.375000 109.375000 -131.250000 109.375000
-109.375000 131.250000 -87.500000 131.250000 -87.500000 109.375000 -109.375000 109.375000
-175.000000 175.000000 -131.250000 175.000000 -131.250000 131.250000 -175.000000 131.250000
-131.250000 175.000000 -87.500000 175.000000 -87.500000 131.250000 -131.250000 131.250000
-87.500000 175.000000 0.000000 175.000000 0.000000 87.500000 -87.500000 87.500000
-350.000000 350.000000 -175.000000 350.000000 -175.000000 175.000000 -350.000000 175.000000
-175.000000 350.000000 0.000000 350.000000 0.000000 175.000000 -175.000000 175.000000
-175.000000 262.500000 -87.500000 262.500000 -87.500000 175.000000 -175.000000 175.000000
-175.000000 218.750000 -131.250000 218.750000 -131.250000 175.000000 -175.000000 175.000000
-131.250000 218.750000 -87.500000 218.750000 -87.500000 175.000000 -131.250000 175.000000
-175.000000 262.500000 -131.250000 262.500000 -131.250000 218.750000 -175.000000 218.750000
-131.250000 262.500000 -87.500000 262.500000 -87.500000 218.750000 -131.250000 218.750000
-87.500000 262.500000 0.000000 262.500000 0.000000 175.000000 -87.500000 175.000000
-175.000000 350.000000 -87.500000 350.000000 -87.500000 262.500000 -175.000000 262.500000
-87.500000 350.000000 0.000000 350.000000 0.000000 262.500000 -87.500000 262.500000
-700.000000 700.000000 -350.000000 700.000000 -350.000000 350.000000 -700.000000 350.000000
-350.000000 700.000000 0.000000 700.000000 0.000000 350.000000 -350.000000 350.000000
-350.000000 525.000000 -175.000000 525.000000 -175.000000 350.000000 -350.000000 350.000000
-175.000000 525.000000 0.000000 525.000000 0.000000 350.000000 -175.000000 350.000000
-175.000000 437.500000 -87.500000 437.500000 -87.500000 350.000000 -175.000000 350.000000
-87.500000 437.500000 0.000000 437.500000 0.000000 350.000000 -87.500000 350.000000
-175.000000 525.000000 -87.500000 525.000000 -87.500000 437.500000 -175.000000 437.500000
-87.500000 525.000000 0.000000 525.000000 0.000000 437.500000 -87.500000 437.500000
-350.000000 700.000000 -175.000000 700.000000 -175.000000 525.000000 -350.000000 525.000000
-175.000000 700.000000 0.000000 700.000000 0.000000 525.000000 -175.000000 525.000000
-175.000000 612.500000 -87.500000 612.500000 -87.500000 525.000000 -175.000000 525.000000
-87.500000 612.500000 0.000000 612.500000 0.000000 525.000000 -87.500000 525.000000
-175.000000 700.000000 -87.500000 700.000000 -87.500000 612.500000 -175.000000 612.500000
-87.500000 700.000000 0.000000 700.000000 0.000000 612.500000 -87.500000 612.500000
-87.500000 656.250000 -43.750000 656.250000 -43.750000 612.500000 -87.500000 612.500000
-43.750000 656.250000 0.000000 656.250000 0.000000 612.500000 -43.750000 612.500000
-87.500000 700.000000 -43.750000 700.000000 -43.750000 656.250000 -87.500000 656.250000
-43.750000 700.000000 0.000000 700.000000 0.000000 656.250000 -43.750000 656.250000
0.000000 700.000000 700.000000 700.000000 700.000000 0.000000 0.000000 0.000000
0.000000 350.000000 350.000000 350.000000 350.000000 0.000000 0.000000 0.000000
0.000000 175.000000 175.000000 175.000000 175.000000 0.000000 0.000000 0.000000
0.000000 87.500000 87.500000 87.500000 87.500000 0.000000 0.000000 0.000000
87.500000 87.500000 175.000000 87.500000 175.000000 0.000000 87.500000 0.000000
0.000000 175.000000 87.500000 175.000000 87.500000 87.500000 0.000000 87.500000
87.500000 175.000000 175.000000 175.000000 175.000000 87.500000 87.500000 87.500000
87.500000 131.250000 131.250000 131.250000 131.250000 87.500000 87.500000 87.500000
87.500000 109.375000 109.375000 109.375000 109.375000 87.500000 87.500000 87.500000
109.375000 109.375000 131.250000 109.375000 131.250000 87.500000 109.375000 87.500000
87.500000 131.250000 109.375000 131.250000 109.375000 109.375000 87.500000 109.375000
109.375000 131.250000 131.250000 131.250000 131.250000 109.375000 109.375000 109.375000
131.250000 131.250000 175.000000 131.250000 175.000000 87.500000 131.250000 87.500000
87.500000 175.000000 131.250000 175.000000 131.250000 131.250000 87.500000 131.250000
131.250000 175.000000 175.000000 175.000000 175.000000 131.250000 131.250000 131.250000
175.000000 175.000000 350.000000 175.000000 350.000000 0.000000 175.000000 0.000000
175.000000 87.500000 262.500000 87.500000 262.500000 0.000000 175.000000 0.000000
262.500000 87.500000 350.000000 87.500000 350.000000 0.000000 262.500000 0.000000
175.000000 175.000000 262.500000 175.000000 262.500000 87.500000 175.000000 87.500000
175.000000 131.250000 218.750000 131.250000 218.750000 87.500000 175.000000 87.500000
218.750000 131.250000 262.500000 131.250000 262.500000 87.500000 218.750000 87.500000
175.000000 175.000000 218.750000 175.000000 218.750000 131.250000 175.000000 131.250000
218.750000 175.000000 262.500000 175.000000 262.500000 131.250000 218.750000 131.250000
262.500000 175.000000 350.000000 175.000000 350.000000 87.500000 262.500000 87.500000
0.000000 350.000000 175.000000 350.000000 175.000000 175.000000 0.000000 175.000000
0.000000 262.500000 87.500000 262.500000 87.500000 175.000000 0.000000 175.000000
87.500000 262.500000 175.000000 262.500000 175.000000 175.000000 87.500000 175.000000
87.500000 218.750000 131.250000 218.750000 131.250000 175.000000 87.500000 175.000000
131.250000 218.750000 175.000000 218.750000 175.000000 175.000000 131.250000 175.000000
87.500000 262.500000 131.250000 262.500000 131.250000 218.750000 87.500000 218.750000
131.250000 262.500000 175.000000 262.500000 175.000000 218.750000 131.250000 218.750000
0.000000 350.000000 87.500000 350.000000 87.500000 262.500000 0.000000 262.500000
87.500000 350.000000 175.000000 350.000000 175.000000 262.500000 87.500000 262.500000
175.000000 350.000000 350.000000 350.000000 350.000000 175.000000 175.000000 175.000000
350.000000 350.000000 700.000000 350.000000 700.000000 0.000000 350.000000 0.000000
350.000000 175.000000 525.000000 175.000000 525.000000 0.000000 350.000000 0.000000
350.000000 87.500000 437.500000 87.500000 437.500000 0.000000 350.000000 0.000000
437.500000 87.500000 525.000000 87.500000 525.000000 0.000000 437.500000 0.000000
350.000000 175.000000 437.500000 175.000000 437.500000 87.500000 350.000000 87.500000
437.500000 175.000000 525.000000 175.000000 525.000000 87.500000 437.500000 87.500000
525.000000 175.000000 700.000000 175.000000 700.000000 0.000000 525.000000 0.000000
525.000000 87.500000 612.500000 87.500000 612.500000 0.000000 525.000000 0.000000
612.500000 87.500000 700.000000 87.500000 700.000000 0.000000 612.500000 0.000000
612.500000 43.750000 656.250000 43.750000 656.250000 0.000000 612.500000 0.000000
656.250000 43.750000 700.000000 43.750000 700.000000 0.000000 656.250000 0.000000
612.500000 87.500000 656.250000 87.500000 656.250000 43.750000 612.500000 43.750000
656.250000 87.500000 700.000000 87.500000 700.000000 43.750000 656.250000 43.750000
525.000000 175.000000 612.500000 175.000000 612.500000 87.500000 525.000000 87.500000
612.500000 175.000000 700.000000 175.000000 700.000000 87.500000 612.500000 87.500000
350.000000 350.000000 525.000000 350.000000 525.000000 175.000000 350.000000 175.000000
525.000000 350.000000 700.000000 350.000000 700.000000 175.000000 525.000000 175.000000
0.000000 700.000000 350.000000 700.000000 350.000000 350.000000 0.000000 350.000000
0.000000 525.000000 175.000000 525.000000 175.000000 350.000000 0.000000 350.000000
0.000000 437.500000 87.500000 437.500000 87.500000 350.000000 0.000000 350.000000
87.500000 437.500000 175.000000 437.500000 175.000000 350.000000 87.500000 350.000000
0.000000 525.000000 87.500000 525.000000 87.500000 437.500000 0.000000 437.500000
87.500000 525.000000 175.000000 525.000000 175.000000 437.500000 87.500000 437.500000
175.000000 525.000000 350.000000 525.000000 350.000000 350.000000 175.000000 350.000000
0.000000 700.000000 175.000000 700.000000 175.000000 525.000000 0.000000 525.000000
0.000000 612.500000 87.500000 612.500000 87.500000 525.000000 0.000000 525.000000
87.500000 612.500000 175.000000 612.500000 175.000000 525.000000 87.500000 525.000000
0.000000 700.000000 87.500000 700.000000 87.500000 612.500000 0.000000 612.500000
0.000000 656.250000 43.750000 656.250000 43.750000 612.500000 0.000000 612.500000
43.750000 656.250000 87.500000 656.250000 87.500000 612.500000 43.750000 612.500000
0.000000 700.000000 43.750000 700.000000 43.750000 656.250000 0.000000 656.250000
43.750000 700.000000 87.500000 700.000000 87.500000 656.250000 43.750000 656.250000
87.500000 700.000000 175.000000 700.000000 175.000000 612.500000 87.500000 612.500000
175.000000 700.000000 350.000000 700.000000 350.000000 525.000000 175.000000 525.000000
350.000000 700.000000 700.000000 700.000000 700.000000 350.000000 350.000000 350.000000